4358144.0
4227310.0
4358384.0
4227310.0
4358384.0
3703022.0
4096240.0
3834095.0
3440879.0
1212656.0
1868014.0
2261232.0
2785519.0
3440879.0
3703023.0
1212655.0
1736944.0
2785518.0
3309808.0
3703023.0
3834095.0
1212655.0
1868015.0
2785520.0
4358383.0
4227311.0
4358383.0
4227311.0
4358383.0
3703023.0
4096239.0
3834096.0
3440879.0
1212655.0
1868015.0
2261231.0
2785520.0
3440878.0
3703024.0
1212655.0
1736943.0
2785519.0
3834095.0
3703024.0
3440878.0
1212656.0
1868015.0
4358623.0
4227310.0
4358384.0
4227310.0
4358384.0
3703022.0
4096240.0
3834096.0
3440878.0
1212656.0
1868014.0
2261232.0
2785519.0
3440879.0
3703024.0
1212654.0
1736944.0
2785518.0
3309808.0
3703023.0
3834095.0
1212656.0
1868014.0
2785520.0
4358383.0
4227311.0
4358383.0
4227311.0
4358384.0
3703022.0
4096240.0
3834095.0
3440879.0
1212655.0
1868015.0
2261231.0
2785520.0
3440879.0
3703023.0
1212655.0
1736943.0
2785519.0
3834095.0
3703024.0
3440879.0
1212655.0
1868015.0
3703023.0
3834096.0
4096238.0
4358384.0
1605871.0
2261231.0
3178735.0
4489455.0
4358384.0
4096238.0
1605872.0
2130158.0
2916592.0
4358384.0
4096238.0
3834096.0
1212654.0
1868016.0
2785518.0
4096240.0
3834096.0
3703022.0
1212656.0
2785518.0
2785520.0
4358383.0
2785519.0
4358384.0
4358382.0
5931248.0
4227310.0
4358384.0
4227311.0
4358383.0
4227312.0
4358382.0
3703024.0
4096239.0
3834095.0
3440879.0
1212655.0
1868015.0
2261231.0
2785520.0
3440879.0
3703023.0
1212655.0
1736943.0
2785519.0
3309808.0
3703023.0
3834095.0
1212655.0
1868015.0
2785519.0
4358383.0
4227312.0
4358383.0
4227311.0
4358383.0
3703023.0
4096240.0
3834094.0
3440880.0
1212654.0
1868016.0
2261231.0
2785519.0
3440880.0
3703022.0
1212656.0
1736942.0
2785520.0
3834096.0
3703022.0
3440880.0
1212654.0
1868016.0
3703022.0
3834096.0
4096240.0
4358382.0
1605872.0
2261230.0
3178736.0
4489455.0
4358383.0
4096240.0
1605870.0
2130160.0
2916590.0
4358384.0
4096239.0
3834095.0
1212655.0
1868015.0
2785520.0
4096239.0
3834095.0
3703023.0
1212655.0
2785519.0
2785519.0
4358384.0
2785519.0
4358383.0
4358383.0
5931247.0
4227311.0
4358384.0
4227311.0
4358383.0
4227311.0
4358383.0
3703023.0
4096239.0
3834096.0
3440878.0
1212656.0
1868015.0
2261231.0
2785520.0
3440878.0
3703024.0
1212654.0
1736944.0
2785519.0
3309807.0
3703024.0
3834094.0
1212656.0
1868014.0
2785520.0
4358384.0
4227310.0
4358384.0
4227310.0
4358384.0
3703022.0
4096240.0
3834096.0
3440878.0
1212656.0
1868014.0
2261232.0
2785519.0
3440879.0
3703023.0
1212655.0
1736944.0
2785518.0
3834096.0
3703023.0
3440879.0
1212655.0
1868015.0
3834096.0
3834095.0
3834095.0
3834095.0
1868015.0
2261231.0
1868015.0
4489456.0
4358383.0
4358383.0
1999087.0
4096239.0
1999087.0
5144816.0
1999086.0
5013624.0
5013624.0
4751599.0
4489455.0
4358383.0
4096239.0
3834096.0
3571950.0
1868016.0
3440879.0
1868015.0
3440880.0
3178614.0
3440760.0
3571832.0
3833976.0
1868014.0
2261232.0
1868015.0
4096239.0
4227312.0
4358382.0
1868016.0
2261230.0
4358384.0
4489456.0
3440878.0
3834096.0
2785518.0
1605872.0
2785518.0
4096240.0
2916591.0
3702903.0
3833976.0
4751480.0
3178616.0
4751479.0
3440759.0
4751480.0
3702904.0
4751480.0
3833975.0
4751479.0
4096120.0
4751480.0
4358263.0
4751479.0
5406840.0
5275768.0
5013624.0
4751479.0
4489335.0
4096120.0
3833976.0
4751479.0
4489336.0
4096119.0
3833976.0
4751480.0
3178615.0
4751480.0
3440759.0
4751480.0
3702904.0
4751479.0
3833976.0
4751479.0
4096120.0
4751479.0
4358264.0
4751479.0
5406840.0
5275768.0
5013623.0
4751480.0
4489335.0
4358264.0
4096119.0
4751480.0
4489336.0
4096119.0
4358264.0
4489335.0
4358264.0
4227192.0
4358263.0
3702904.0
4358263.0
4227192.0
4358264.0
3702903.0
4358263.0
4227192.0
4358264.0
3703503.0
4358383.0
4227312.0
4358382.0
3703504.0
4358384.0
4227310.0
4358384.0
4227311.0
4358383.0
4227312.0
4358382.0
4227312.0
4358382.0
4227312.0
4358382.0
3703024.0
4096240.0
3834094.0
3440880.0
1212654.0
1868016.0
2261231.0
2785519.0
3440880.0
3703022.0
1212656.0
1736942.0
2785520.0
3309807.0
3703023.0
3834096.0
1212654.0
1868016.0
2785519.0
4358383.0
4227311.0
4358383.0
4227312.0
4358382.0
3703024.0
4096239.0
3834095.0
3440879.0
1212655.0
1868015.0
2261232.0
2785519.0
3440879.0
3703023.0
1212655.0
1736943.0
2785519.0
3834096.0
3703023.0
3440879.0
1212655.0
1868015.0
4358622.0
4227312.0
4358383.0
4227311.0
4358383.0
3703023.0
4096240.0
3834094.0
3440880.0
1212654.0
1868016.0
2261232.0
2785518.0
3440880.0
3703022.0
1212656.0
1736942.0
2785520.0
3309808.0
3703022.0
3834096.0
1212654.0
1868016.0
2785519.0
4358383.0
4227312.0
4358382.0
4227312.0
4358382.0
3703024.0
4096239.0
3834095.0
3440880.0
1212654.0
1868016.0
2261231.0
2785519.0
3440879.0
3703023.0
1212655.0
1736943.0
2785520.0
3834095.0
3703023.0
3440879.0
1212655.0
1868015.0
3703024.0
3834095.0
4096239.0
4358383.0
1605871.0
2261231.0
3178735.0
4489456.0
4358383.0
4096239.0
1605871.0
2130159.0
2916592.0
4358382.0
4096240.0
3834094.0
1212656.0
1868015.0
2785519.0
4096240.0
3834094.0
3703024.0
1212654.0
2785520.0
2785520.0
4358382.0
2785520.0
4358382.0
4358384.0
5931246.0
4227312.0
4358384.0
4227310.0
4358384.0
4227310.0
4358384.0
3703023.0
4096239.0
3834096.0
3440878.0
1212656.0
1868014.0
2261232.0
2785519.0
3440879.0
3703023.0
1212655.0
1736944.0
2785519.0
3309807.0
3703023.0
3834095.0
1212655.0
1868015.0
2785520.0
4358383.0
4227311.0
4358383.0
4227311.0
4358383.0
3703024.0
4096239.0
3834095.0
3440879.0
1212655.0
1868015.0
2261231.0
2785520.0
3440878.0
3703024.0
1212655.0
1736943.0
2785520.0
3834094.0
3703024.0
3440878.0
295152.0
295151.0
295151.0
295152.0
295150.0
3965168.0
295150.0
295152.0
295152.0
295150.0
295152.0
4096238.0
295152.0
295150.0
295152.0
4358384.0
4489454.0
4489456.0
295150.0
295152.0
295151.0
4489455.0
295151.0
4358383.0
295152.0
295150.0
295152.0
295151.0
295151.0
4096239.0
295151.0
295152.0
295151.0
3834095.0
3703023.0
3440879.0
295151.0
295151.0
295152.0
3440879.0
295151.0
3440879.0
295151.0
3834095.0
295152.0
3703022.0
164080.0
3440879.0
295151.0
295151.0
295151.0
295152.0
295150.0
3965168.0
295151.0
295151.0
295152.0
295150.0
295152.0
4096238.0
295152.0
295151.0
295151.0
4358384.0
4489454.0
4489456.0
295150.0
295152.0
295152.0
4489454.0
295152.0
4489454.0
426224.0
426222.0
426224.0
426223.0
426223.0
4227312.0
426222.0
426224.0
426223.0
4096239.0
3834095.0
3571951.0
426224.0
426222.0
426224.0
3440879.0
426223.0
3309807.0
557295.0
557296.0
557295.0
3309807.0
557295.0
3440879.0
3704223.0
2262431.0
2261151.0
2785439.0
3440799.0
3834014.0
4358303.0
4096159.0
3834014.0
3702943.0
3440799.0
3834014.0
4358304.0
5013662.0
5406878.0
5931168.0
5669022.0
5406878.0
5275808.0
5013662.0
5406880.0
5931166.0
2785919.0
2785759.0
6193790.0
6062240.0
5931166.0
5800094.0
5669024.0
5537950.0
5406879.0
5275807.0
5144734.0
5013663.0
4882591.0
4751518.0
4620447.0
4489375.0
4358303.0
4227311.0
4358383.0
3703023.0
4096239.0
3834095.0
3440879.0
1212656.0
1868015.0
2261231.0
2785519.0
3440879.0
3703024.0
1212654.0
1736944.0
2785519.0
3309807.0
3703023.0
3834095.0
1212656.0
1868014.0
2785520.0
4358382.0
4227312.0
4358384.0
4227310.0
4358384.0
3703022.0
4096240.0
3834094.0
3440880.0
1212656.0
1868014.0
2261232.0
2785518.0
3440880.0
3703023.0
1212655.0
1736944.0
2785518.0
3834096.0
3703022.0
3440880.0
1212655.0
1868015.0
3703024.0
3834094.0
4096240.0
4358383.0
1605871.0
2261231.0
3178735.0
4489455.0
4358383.0
4096240.0
1605871.0
2130159.0
2916591.0
4358383.0
4096239.0
3834096.0
1212655.0
1868015.0
2785519.0
4096239.0
3834095.0
3703023.0
1212656.0
2785519.0
2785519.0
4358383.0
2785519.0
4358384.0
4358382.0
5931248.0
4227310.0
4358384.0
4227311.0
4358383.0
4227312.0
4358382.0
3703024.0
4096238.0
3834096.0
3440880.0
1212654.0
1868016.0
2261230.0
2785520.0
3440878.0
3703024.0
1212656.0
1736942.0
2785520.0
3309806.0
3703024.0
3834095.0
1212655.0
1868016.0
2785518.0
4358384.0
4227310.0
4358384.0
4227311.0
4358383.0
3703023.0
4096239.0
3834096.0
3440879.0
1212655.0
1868015.0
2261231.0
2785519.0
3440879.0
3703024.0
1212655.0
1736943.0
2785519.0
3834095.0
3703023.0
3440880.0
