5406720.0
5669102.0
5800176.0
3178734.0
3834096.0
5669102.0
5800176.0
5669584.0
1999086.0
3178736.0
3571951.0
4096239.0
4751600.0
4751838.0
4227550.0
4751416.0
5406746.0
2654361.0
3571951.0
5144815.0
5406959.0
5800175.0
5145055.0
1605871.0
2654447.0
3178735.0
3571951.0
4227311.0
4751839.0
4882910.0
2261231.0
5800175.0
5669103.0
3834096.0
5800174.0
2916592.0
4751838.0
2261232.0
5800174.0
5669104.0
3834094.0
5800176.0
2654447.0
1999087.0
5669104.0
1868014.0
2261232.0
5013742.0
5013744.0
5669342.0
5669342.0
950512.0
1343726.0
2130160.0
2523376.0
2916590.0
5406960.0
5669102.0
5800176.0
1605871.0
2261231.0
5669103.0
5800175.0
2654448.0
2261230.0
4489456.0
5144642.0
5668912.0
426108.0
1605871.0
1999087.0
2523375.0
3178736.0
2523375.0
4751599.0
1343727.0
5406959.0
1081583.0
2261231.0
5144815.0
5406960.0
5800175.0
2654447.0
5144815.0
1081823.0
1999086.0
2654448.0
3571951.0
2654447.0
4751599.0
688367.0
4882672.0
688366.0
5800176.0
5669103.0
3309807.0
5800176.0
2261230.0
1736944.0
6062318.0
1605872.0
2261230.0
5800176.0
3178736.0
2654446.0
2261232.0
1605870.0
5800176.0
5669103.0
5406959.0
2916592.0
5669102.0
5406960.0
5275886.0
3703024.0
5406959.0
1605871.0
2261232.0
2523374.0
2654448.0
3178735.0
5800175.0
6062319.0
4751599.0
426224.0
1605870.0
6062320.0
4751599.0
2654447.0
5144815.0
1343727.0
6062319.0
1343728.0
1999087.0
2654447.0
2523375.0
1999087.0
5800175.0
5669103.0
5800176.0
1605871.0
2261231.0
5669103.0
5800175.0
2654448.0
4751598.0
1605872.0
4751599.0
1605871.0
1999087.0
2523375.0
3178736.0
2523374.0
1999088.0
1343726.0
5406960.0
5669104.0
5800174.0
2261232.0
5669102.0
5800176.0
6062318.0
2523376.0
5800176.0
1081582.0
5144816.0
1999086.0
5144816.0
1999087.0
1605871.0
950512.0
4882670.0
688368.0
4751598.0
2261232.0
6062319.0
2916591.0
5800176.0
1343726.0
4751600.0
950511.0
1343727.0
2130159.0
2523375.0
3178735.0
4751599.0
2130160.0
5406959.0
1605871.0
2261231.0
5406959.0
5144815.0
2654448.0
5144815.0
1605871.0
4751599.0
6062319.0
5800175.0
2654447.0
3834096.0
3309807.0
5800175.0
1605871.0
6062319.0
1343728.0
5800174.0
6062320.0
2916590.0
5144816.0
1999087.0
1343727.0
4751600.0
426222.0
1081584.0
1605870.0
2523376.0
3178736.0
4751598.0
2130160.0
5406958.0
1605872.0
2261230.0
5406960.0
5144816.0
2654446.0
5144816.0
1343726.0
4751600.0
6062319.0
5800175.0
2654448.0
3834094.0
3309808.0
4751598.0
1605872.0
6062319.0
1343727.0
5800175.0
6062319.0
2916592.0
5669103.0
1999087.0
1343727.0
3834095.0
4227157.0
4751417.0
5406756.0
1605689.0
2261231.0
2523375.0
2654448.0
3178735.0
3834095.0
4096239.0
4227311.0
1605871.0
2261231.0
4096240.0
4227310.0
4751600.0
4096478.0
426224.0
1605870.0
1999088.0
2523374.0
3178736.0
3178974.0
3834334.0
1081584.0
1999086.0
3571952.0
3834096.0
4227310.0
3572190.0
1081822.0
1605872.0
1999088.0
2654446.0
3310527.0
688367.0
4227312.0
4096238.0
2654448.0
4227310.0
2261232.0
4489694.0
1605872.0
4751598.0
4227312.0
3178735.0
3310527.0
3833903.0
4227100.0
4096161.0
3834096.0
4096478.0
3834095.0
3703023.0
2130159.0
3834096.0
1081583.0
1736943.0
2261112.0
2654327.0
3309687.0
3571832.0
3833976.0
4227191.0
4882552.0
5406839.0
5800056.0
426823.0
1343727.0
1999088.0
2523255.0
2916471.0
3571832.0
4096120.0
4096120.0
4489335.0
5144695.0
5668984.0
6062200.0
689927.0
1081463.0
1605751.0
2261112.0
2654328.0
2523256.0
3178615.0
3833975.0
4227192.0
4751480.0
5406840.0
5668982.0
