2260992.0
2916830.0
5013982.0
5013982.0
3441118.0
3834334.0
5407199.0
5407198.0
2916831.0
3572190.0
5669342.0
5669342.0
4096479.0
3834334.0
5407198.0
5407198.0
3441119.0
3572190.0
5407199.0
5407198.0
3572190.0
3441118.0
5013982.0
5013983.0
3441119.0
2785758.0
4751838.0
2523614.0
5276126.0
2261470.0
5407199.0
5407199.0
2261470.0
2916830.0
5013982.0
5013982.0
3441119.0
3834334.0
5407199.0
5407198.0
2916830.0
3572190.0
5669343.0
5669342.0
4096478.0
3834334.0
5407199.0
5407198.0
3441119.0
3572190.0
5407198.0
5407198.0
3572190.0
3441118.0
5013984.0
5013982.0
3441118.0
2785758.0
4751838.0
2523614.0
5276127.0
2261471.0
5407198.0
5407198.0
3834334.0
5145054.0
4358623.0
4358622.0
5013982.0
4751839.0
3834334.0
3834334.0
3834335.0
5145054.0
5013982.0
4751838.0
4489695.0
4751838.0
3834335.0
3834094.0
3834096.0
3834334.0
4489694.0
3834334.0
3834334.0
5013984.0
5407198.0
5013982.0
5013982.0
4489694.0
5145054.0
5669343.0
6062559.0
5669342.0
5407198.0
5013982.0
5013743.0
5013743.0
3441119.0
3572190.0
5407198.0
5407199.0
3572190.0
3441118.0
5013983.0
5013982.0
5013982.0
3178974.0
4751838.0
2785759.0
3834335.0
2916830.0
4489694.0
4489694.0
3834334.0
5145054.0
4358624.0
4358622.0
5013982.0
4751838.0
3834334.0
3834334.0
3834335.0
5145054.0
5013983.0
4751838.0
4489694.0
4751838.0
3834335.0
3834095.0
3834095.0
3834334.0
4489695.0
3834334.0
3834334.0
5013983.0
5407198.0
5013982.0
5013982.0
4489694.0
5145055.0
5669343.0
6062558.0
5669342.0
5407198.0
5013982.0
5013744.0
5013742.0
3441120.0
3572190.0
5407198.0
5407198.0
3572190.0
3441118.0
5013983.0
5013982.0
5013983.0
3178974.0
4751838.0
2785758.0
3834335.0
4489694.0
4097439.0
4751838.0
2130399.0
1081822.0
5276126.0
5669342.0
2523615.0
1475038.0
4751839.0
5407198.0
5669342.0
5931486.0
2785758.0
1606110.0
5669104.0
5931128.0
2523256.0
5669102.0
2523376.0
5276126.0
5407198.0
5013982.0
4096478.0
5406960.0
2523375.0
5276127.0
4751838.0
4096478.0
5275887.0
2130159.0
4620766.0
1868255.0
4358622.0
2392542.0
4096479.0
2523614.0
2523614.0
4096479.0
4751838.0
2130398.0
2130398.0
5276127.0
5669342.0
2523615.0
2523614.0
4751838.0
5407198.0
4751600.0
5669102.0
4751600.0
5931246.0
4751600.0
2785520.0
1606110.0
5931486.0
5669103.0
2523375.0
5276126.0
5407198.0
5669104.0
5406840.0
5013623.0
4096479.0
5406958.0
5276368.0
5406959.0
5275768.0
4751479.0
4096478.0
5276127.0
5013982.0
1868255.0
4620766.0
2392542.0
4751838.0
3178975.0
3178974.0
4096478.0
5013982.0
1475039.0
1475038.0
4751839.0
4620766.0
950750.0
950750.0
4096478.0
5013982.0
4751840.0
4620766.0
4358622.0
4620766.0
950750.0
950512.0
950510.0
4096479.0
4751839.0
950750.0
950750.0
5276126.0
5669342.0
2130399.0
2130398.0
4751838.0
5407199.0
5931486.0
5931967.0
5669342.0
2130398.0
2130160.0
2130158.0
5276127.0
5407199.0
5013982.0
4096478.0
5407198.0
5276126.0
4751838.0
4096480.0
5276126.0
5013982.0
1868254.0
4620766.0
950750.0
4751839.0
1606110.0
1606111.0
4096478.0
5013982.0
1475038.0
1475039.0
4751838.0
4620766.0
950751.0
950750.0
4096478.0
5013983.0
4751838.0
4620766.0
4358622.0
4620766.0
950751.0
950511.0
950512.0
4096478.0
4751838.0
950750.0
950750.0
5276126.0
5669344.0
2130398.0
2130398.0
4751838.0
5407198.0
5931486.0
5931968.0
5669342.0
2130398.0
2130159.0
2130159.0
5276126.0
5407199.0
5013982.0
4096478.0
5407199.0
5276126.0
4751838.0
4096479.0
5276126.0
5013982.0
1868254.0
4620766.0
950751.0
4751839.0
4096958.0
