950272.0
1999326.0
950750.0
1999326.0
950750.0
4751600.0
4751598.0
5013744.0
5013743.0
5144815.0
5144815.0
5013743.0
5013744.0
4751598.0
4751600.0
4096239.0
4096239.0
3571951.0
3571951.0
3178736.0
3178735.0
4489455.0
4489455.0
4227311.0
4227311.0
4096239.0
4227311.0
4489456.0
4227311.0
2654686.0
1606111.0
4227791.0
4227311.0
4489455.0
4489455.0
4751600.0
4751598.0
5013744.0
5013743.0
4489455.0
4489456.0
3834094.0
3834096.0
4227310.0
4227312.0
4096239.0
4096239.0
3834096.0
4096238.0
4227312.0
4096238.0
5669824.0
4097438.0
3178975.0
3571951.0
4096240.0
3834094.0
4096240.0
3178974.0
3571951.0
4096239.0
3834096.0
4096238.0
3178975.0
3571951.0
4227311.0
4096239.0
4227312.0
3178974.0
3571951.0
4227311.0
4096239.0
4227311.0
4227551.0
4096239.0
4227311.0
4358383.0
4489455.0
4489694.0
4751600.0
4489455.0
4751599.0
4096239.0
1999327.0
1868254.0
5669342.0
4751838.0
5144816.0
5669102.0
5406960.0
5669102.0
4751840.0
5144814.0
5669104.0
5406958.0
5669104.0
4751838.0
5144816.0
5800174.0
5669104.0
5800174.0
4751839.0
5144815.0
5800176.0
5669102.0
5800176.0
5800414.0
5669103.0
5800175.0
5931248.0
6062318.0
6062559.0
6062558.0
5669342.0
1999327.0
1868254.0
5145054.0
950751.0
4096239.0
4096239.0
4227311.0
4227311.0
1606110.0
3834096.0
5013743.0
4751599.0
5013743.0
688607.0
3834094.0
3834096.0
4096238.0
4096240.0
3572190.0
3571952.0
4751598.0
4489456.0
4751598.0
950752.0
3571950.0
3571952.0
3834094.0
3834096.0
1212894.0
3440880.0
4096238.0
3834096.0
4096238.0
1212895.0
1475039.0
5145054.0
950750.0
5144815.0
5144815.0
5406959.0
5406959.0
1606111.0
5144815.0
5013743.0
4751599.0
4489455.0
688607.0
4489455.0
4751599.0
4489455.0
4096239.0
1999327.0
1868254.0
5145054.0
5145054.0
5144816.0
5144814.0
5406960.0
5406959.0
1606111.0
5144814.0
5013744.0
4751598.0
4489456.0
688606.0
4489456.0
4751598.0
4489456.0
4751598.0
950752.0
1999326.0
5145054.0
5145054.0
5144816.0
5144814.0
5406960.0
5406958.0
1606111.0
5144815.0
5013743.0
4751599.0
6062320.0
688606.0
6062319.0
4751599.0
6062319.0
5669103.0
1999327.0
1868254.0
5145054.0
5145055.0
5144815.0
5144815.0
5406959.0
5406959.0
1606111.0
5144814.0
5013744.0
4751599.0
6062319.0
688606.0
6062320.0
4751598.0
6062320.0
4751599.0
950751.0
1606110.0
1999326.0
2523614.0
3178974.0
3572190.0
4096480.0
4751838.0
5145054.0
5669342.0
