3833856.0
1606110.0
2261470.0
3703742.0
950750.0
2916831.0
3834815.0
1212894.0
4358622.0
4752319.0
557534.0
5013983.0
4490174.0
688607.0
3834334.0
4359103.0
1606110.0
3178974.0
2917311.0
688606.0
3834334.0
3834815.0
950751.0
3834334.0
3703262.0
3834334.0
3703262.0
3834335.0
2785759.0
3178974.0
950750.0
3703262.0
3834815.0
1212895.0
4358622.0
1212894.0
4751838.0
4358622.0
4751839.0
5013982.0
4489695.0
4358622.0
4096478.0
4489694.0
4358623.0
4096478.0
3834334.0
3703262.0
3441119.0
2916830.0
3834335.0
688606.0
3834334.0
2916830.0
3834334.0
3703262.0
3834336.0
3703262.0
3834334.0
2916830.0
3178974.0
2130398.0
3703263.0
2916831.0
3834334.0
1212894.0
4358622.0
3834334.0
4751839.0
4358622.0
4751838.0
5013983.0
4489694.0
4358622.0
4096479.0
4489694.0
4358622.0
4096478.0
3834335.0
3703262.0
3441119.0
3178974.0
2916830.0
3834334.0
3834334.0
950750.0
2523376.0
3703024.0
4096478.0
3178734.0
4358384.0
1606110.0
3178736.0
4358382.0
3178736.0
3834094.0
4096240.0
1606352.0
4358382.0
4489456.0
4358382.0
4096240.0
4358383.0
3834095.0
1212894.0
3834096.0
1868015.0
2785519.0
3703023.0
3834095.0
3703024.0
3178974.0
2785519.0
1605871.0
3178735.0
2130159.0
2261231.0
3440880.0
2261231.0
688367.0
3703023.0
1343727.0
2261231.0
3834095.0
2261232.0
3178735.0
1212894.0
1606111.0
2261470.0
2261231.0
3440879.0
2261231.0
1343727.0
2261232.0
2916590.0
3440880.0
3834094.0
2523376.0
3834096.0
2523374.0
950512.0
3703022.0
1605872.0
3834094.0
4096240.0
3178736.0
4358382.0
1606110.0
4358623.0
4096239.0
3834096.0
4096238.0
3178974.0
1605872.0
4358383.0
4489455.0
4358384.0
4096238.0
2785520.0
4096239.0
1212894.0
3834095.0
1868015.0
2785519.0
3703024.0
3834095.0
3703023.0
3178974.0
2785519.0
1605872.0
3178735.0
2130159.0
2261231.0
3440879.0
2261231.0
688367.0
3834096.0
1343727.0
3440879.0
4489455.0
3178735.0
4358384.0
3178734.0
4096240.0
3834094.0
1605872.0
2261470.0
2261232.0
3440878.0
2261232.0
950510.0
2261232.0
2916592.0
3440878.0
3834096.0
2523374.0
3703024.0
2523374.0
950512.0
3834096.0
1605870.0
4096478.0
3834096.0
4751599.0
4358623.0
4489454.0
4751600.0
4358622.0
4489455.0
4751599.0
3703023.0
3440879.0
3703024.0
3834095.0
4096239.0
4358383.0
4489455.0
4358383.0
3834335.0
4096239.0
4358383.0
2785758.0
2916591.0
3178736.0
3440879.0
3178735.0
2916591.0
3178735.0
3834095.0
3703023.0
3834096.0
3440878.0
3834335.0
3703023.0
3440880.0
3178974.0
2916590.0
3178736.0
2916591.0
2785519.0
2916592.0
3178734.0
3440880.0
3703022.0
3834096.0
3440880.0
3834334.0
3703022.0
3834096.0
3703262.0
3834096.0
3703022.0
3440880.0
3703022.0
3834096.0
4096239.0
4358383.0
4489455.0
4751599.0
4358384.0
3834334.0
4096239.0
4358383.0
4096478.0
3834096.0
4096239.0
3703023.0
3834095.0
4096239.0
4358383.0
4096239.0
3834096.0
3703023.0
3834095.0
3441118.0
3703023.0
3834096.0
2261470.0
2523375.0
2785519.0
2916591.0
2785519.0
2523376.0
2785518.0
3834096.0
3703023.0
3834095.0
3440880.0
3834334.0
3703022.0
3440880.0
3178974.0
2916592.0
3178734.0
2916592.0
2785518.0
2916592.0
3178736.0
3440878.0
3703024.0
3834094.0
3440880.0
3834334.0
3703023.0
3834095.0
3703262.0
3440880.0
3703023.0
3834095.0
4096239.0
3834095.0
3703024.0
3834094.0
3440880.0
3703023.0
3834095.0
1606110.0
2261471.0
2785758.0
951231.0
1606110.0
2130398.0
295391.0
1212894.0
1868254.0
2261470.0
1606591.0
2130399.0
2785758.0
689086.0
1343966.0
1868256.0
688606.0
1212894.0
1606110.0
2261470.0
951231.0
1868255.0
2261470.0
951230.0
1606110.0
2130399.0
688606.0
4358623.0
4489455.0
4751599.0
4358622.0
3703743.0
3834095.0
4096239.0
3703262.0
295391.0
3440879.0
3834095.0
4096239.0
4358383.0
3834335.0
3441359.0
4358383.0
4096240.0
3834094.0
3703263.0
2917071.0
3440880.0
3703023.0
3834095.0
3441118.0
688606.0
2785520.0
3178734.0
3440880.0
3703024.0
3834094.0
3178736.0
3441360.0
3703022.0
3703024.0
3834094.0
3441118.0
3178736.0
3178974.0
3703024.0
3834094.0
4096240.0
3703262.0
688606.0
3834096.0
4358382.0
4489456.0
4751599.0
4358622.0
4096959.0
4358383.0
4489455.0
3703023.0
4096239.0
3440880.0
295151.0
3440879.0
3834095.0
4096239.0
4358383.0
3834335.0
3703023.0
3703262.0
4751599.0
4489455.0
4358384.0
3703023.0
4751599.0
3834095.0
5013743.0
3834096.0
5013742.0
4751600.0
4489454.0
5013983.0
3834095.0
4751600.0
3834094.0
4751600.0
4489454.0
4358384.0
3834096.0
4751598.0
3834096.0
5013742.0
4751600.0
4489454.0
5013744.0
4751600.0
4489454.0
5013744.0
4096238.0
5275888.0
5013743.0
4096239.0
3178736.0
3703022.0
3834096.0
4096238.0
3178736.0
4358383.0
1606110.0
3178735.0
4358384.0
3178735.0
3834095.0
4096239.0
1606352.0
4358383.0
4489455.0
4358383.0
4096239.0
2785519.0
3834095.0
1212895.0
3834095.0
1868015.0
2785519.0
3703024.0
3834094.0
3703024.0
3178974.0
2785519.0
1605871.0
3178736.0
2130158.0
2261232.0
3440879.0
2261231.0
688368.0
3703022.0
1343728.0
2261230.0
3834096.0
2261230.0
3178736.0
1212894.0
1606110.0
2261471.0
2261231.0
3440880.0
2261230.0
1343728.0
2261230.0
2916592.0
3440879.0
3834095.0
2523376.0
3834094.0
2523376.0
950511.0
3703023.0
1605871.0
3834095.0
4096240.0
3178734.0
4358384.0
1606110.0
4358622.0
4096239.0
3834096.0
4096239.0
3178974.0
1605871.0
4358383.0
4489455.0
4358384.0
4096239.0
4358383.0
4096239.0
1212895.0
3834094.0
1868016.0
2785519.0
3703023.0
3834095.0
3703023.0
3178974.0
2785520.0
1605870.0
3178736.0
2130160.0
2261230.0
3440880.0
2261230.0
688368.0
3834094.0
1343728.0
3440880.0
4489454.0
3178736.0
4358382.0
3178736.0
4096239.0
3834095.0
1605872.0
2261470.0
2261230.0
3440880.0
2261231.0
950511.0
2261232.0
2916590.0
3440880.0
3834095.0
2523375.0
3703023.0
2523375.0
950511.0
3834095.0
1605872.0
4096478.0
3834095.0
4751599.0
4358623.0
4489455.0
4751599.0
4358622.0
4489455.0
4751599.0
3703024.0
3440879.0
3703023.0
3834095.0
4096239.0
4358384.0
4489454.0
4358384.0
3834334.0
4096239.0
4358383.0
2785758.0
2916592.0
3178734.0
3440880.0
3178736.0
2916590.0
3178736.0
3834094.0
3703024.0
3834094.0
3440880.0
3834334.0
3703024.0
3440878.0
3178975.0
2916591.0
3178736.0
2916590.0
2785520.0
2916590.0
3178736.0
3440879.0
3703023.0
3834095.0
3440879.0
3834335.0
3703023.0
3834095.0
3703262.0
3834095.0
3703024.0
3440879.0
3703023.0
3834095.0
4096239.0
4358383.0
4489456.0
4751599.0
4358383.0
3834334.0
4096239.0
4358383.0
4096478.0
3834096.0
4096239.0
3703023.0
3834096.0
4096238.0
4358384.0
4096238.0
3834096.0
3703023.0
3834095.0
3441118.0
3703024.0
3834094.0
2261472.0
2523374.0
2785520.0
2916590.0
2785520.0
2523374.0
2785520.0
3834096.0
3703022.0
3834096.0
3440878.0
3834335.0
3703023.0
3440879.0
3178975.0
2916590.0
3178736.0
2916591.0
2785519.0
2916591.0
3178735.0
3440880.0
3703023.0
3834095.0
3440879.0
3834334.0
3703023.0
3834096.0
3703262.0
3440879.0
3703023.0
3834095.0
4096240.0
3834094.0
3703024.0
3834095.0
3440879.0
3703023.0
3834095.0
