1343488.0
2261230.0
4489456.0
3178734.0
4358384.0
3834094.0
4489456.0
3834095.0
1212655.0
2261232.0
2523374.0
3834096.0
4751599.0
4489935.0
4358264.0
4489336.0
1868014.0
4489456.0
2916591.0
4358383.0
4489694.0
5406960.0
688367.0
1605871.0
2654447.0
1605871.0
950511.0
1868015.0
3047664.0
1868015.0
5144815.0
5144815.0
5144815.0
5144815.0
5144816.0
5013743.0
4751599.0
5144815.0
426223.0
1343727.0
1999087.0
2261232.0
2392302.0
4751600.0
5013743.0
5144815.0
5013744.0
2261230.0
5013744.0
3178734.0
5013744.0
4751599.0
4489455.0
5013744.0
950510.0
1868016.0
2523374.0
2785520.0
3047664.0
4096958.0
1343727.0
4358383.0
2261232.0
4489454.0
4751838.0
4096240.0
426223.0
4096239.0
4358384.0
2261230.0
4489456.0
4751599.0
4489455.0
5406959.0
688367.0
1605872.0
1999086.0
2261232.0
3833975.0
2523256.0
4096119.0
2916472.0
4489336.0
3178615.0
4751480.0
3571831.0
5144696.0
5406839.0
3834096.0
3834095.0
4489694.0
4751599.0
5013743.0
5144815.0
5406960.0
2261231.0
5013743.0
4489455.0
3178735.0
5406960.0
2916590.0
5144816.0
688367.0
4751599.0
2261231.0
1605871.0
2523376.0
1605870.0
2261232.0
1605870.0
5144816.0
1605872.0
4751598.0
4358384.0
819438.0
5144816.0
2392302.0
5013744.0
950512.0
4489454.0
2523376.0
1868014.0
2785520.0
1868015.0
2523375.0
1868016.0
426222.0
1343728.0
3965166.0
1343728.0
4489455.0
1343727.0
5144816.0
1343726.0
5013744.0
5013743.0
5406959.0
4489455.0
950511.0
1868015.0
2523375.0
1868016.0
5144815.0
5013743.0
5144815.0
5013743.0
5144815.0
5013744.0
4489455.0
4751599.0
688367.0
1605871.0
2261231.0
1605871.0
4489456.0
4751599.0
5013743.0
5144815.0
5406959.0
2261232.0
5013742.0
4489456.0
3178734.0
5406960.0
2916591.0
5144815.0
688368.0
4751598.0
2261232.0
1605870.0
2523376.0
1605872.0
2261230.0
1605872.0
5144814.0
1605872.0
4751598.0
4358384.0
819440.0
5144814.0
2392304.0
5013742.0
950512.0
4489455.0
2523375.0
1868016.0
2785518.0
1868016.0
2916590.0
1868016.0
4096239.0
1343727.0
5669103.0
1343727.0
5406960.0
5144815.0
5013743.0
5144815.0
5406959.0
1212655.0
1868015.0
4489456.0
4489455.0
1868015.0
2916591.0
5013743.0
5144815.0
5013744.0
4489455.0
5144815.0
5013743.0
4489455.0
5669103.0
5406959.0
688606.0
1999088.0
2523375.0
2916591.0
3571952.0
4096238.0
4489456.0
4358382.0
3834335.0
3834095.0
5144816.0
5013742.0
4751600.0
5013742.0
4489456.0
