5668864.0
5931246.0
5406960.0
5013742.0
5276126.0
4751600.0
4096478.0
4358384.0
3834094.0
3440880.0
3703262.0
3178735.0
2523615.0
2785518.0
2261232.0
1868015.0
2130398.0
1868015.0
1736944.0
1605871.0
4752318.0
2523615.0
2654447.0
2785519.0
3834095.0
2261231.0
2785519.0
3834096.0
2785758.0
3834095.0
1343727.0
2261470.0
1212894.0
5406960.0
5669103.0
5800175.0
5931248.0
5406958.0
5669104.0
5931246.0
5276127.0
5669103.0
5407198.0
2261470.0
2261472.0
2523614.0
2654446.0
2785520.0
3834094.0
2261232.0
2785520.0
3834094.0
2785758.0
3834096.0
1343727.0
2261470.0
1212895.0
5013982.0
4751599.0
4620527.0
5013743.0
5406959.0
5931248.0
950511.0
5669103.0
5406959.0
5013743.0
5669103.0
1606111.0
1868254.0
2523614.0
2654447.0
2785520.0
3834094.0
2261232.0
2785519.0
3834095.0
2785758.0
3834096.0
1343726.0
2261471.0
1212895.0
5406958.0
5669104.0
5800174.0
5931248.0
5406959.0
5669103.0
5931248.0
5276126.0
5669102.0
5407200.0
2261470.0
2261470.0
5407198.0
5669103.0
5931247.0
5406960.0
5669102.0
5931248.0
1999087.0
5406959.0
5669103.0
5406959.0
5931248.0
5406958.0
5669104.0
5931247.0
1736943.0
5406959.0
5669103.0
5406960.0
5931247.0
5406959.0
5669103.0
5931247.0
1605871.0
5275887.0
5669103.0
5407199.0
1606110.0
1868255.0
2523614.0
2654447.0
2785519.0
3834095.0
2261231.0
2785520.0
3834094.0
2785759.0
3834095.0
1343728.0
2261470.0
1212894.0
5406958.0
5669104.0
5800176.0
5931246.0
5406960.0
5669102.0
5931248.0
5276126.0
5669104.0
5407198.0
2261470.0
2261470.0
2523614.0
2654448.0
2785519.0
3834095.0
2261231.0
2785519.0
3834096.0
2785758.0
3834095.0
1343727.0
2261470.0
1212895.0
5013982.0
4751599.0
4620527.0
5013743.0
5406959.0
5931248.0
950511.0
5669103.0
5406959.0
5013743.0
5669104.0
1606110.0
1868254.0
2523614.0
2654448.0
2785518.0
3834096.0
2261230.0
2785520.0
3834096.0
2785758.0
3834094.0
1343728.0
2261470.0
1212894.0
5406960.0
5669102.0
5800176.0
5931247.0
5406959.0
5669104.0
5931246.0
5276126.0
5669104.0
5407198.0
2261470.0
2261471.0
5407198.0
5669103.0
5931247.0
5406959.0
5669104.0
5931247.0
1999087.0
5406959.0
5669103.0
5406959.0
5931248.0
5406959.0
5669103.0
5931247.0
1736943.0
5406959.0
5669103.0
5406960.0
5931247.0
5406959.0
5669103.0
5931247.0
1605872.0
5275886.0
5669104.0
5407198.0
1606110.0
688606.0
4358384.0
4489454.0
4620528.0
4751600.0
5013982.0
4751598.0
1605872.0
4358382.0
4489456.0
4620528.0
4751598.0
5013982.0
4751600.0
1605871.0
4358383.0
3834096.0
3178734.0
3440880.0
3703022.0
3834096.0
4096239.0
4358383.0
4096239.0
3834095.0
4096240.0
3178735.0
4358383.0
4489455.0
4751599.0
5013743.0
4751599.0
4358384.0
4489455.0
4751599.0
5013982.0
4751599.0
1605872.0
4358383.0
4489455.0
4620527.0
4751599.0
5013982.0
4751600.0
1212654.0
4751600.0
5013743.0
5144815.0
5275888.0
5275886.0
2523376.0
5275886.0
950512.0
5013743.0
4620527.0
4096240.0
4751598.0
1343966.0
1212896.0
4358382.0
4489456.0
4620526.0
4751600.0
5013982.0
4751600.0
1605870.0
4358384.0
4489454.0
4620528.0
4751599.0
5013982.0
4751599.0
1605872.0
4358382.0
3834096.0
3178735.0
3440879.0
3703023.0
3834095.0
4096240.0
4358383.0
4096239.0
3834095.0
4096239.0
3834095.0
2785759.0
688606.0
3178735.0
3047663.0
3178735.0
3834096.0
3441118.0
3834095.0
2654447.0
3440879.0
3834095.0
3440880.0
3178734.0
3834096.0
4358383.0
4751599.0
2785520.0
4358382.0
3834096.0
3178734.0
3440880.0
3834334.0
4358622.0
4096240.0
2130158.0
3834096.0
3834096.0
1606110.0
1212894.0
4358382.0
4489456.0
4620527.0
4751599.0
5013982.0
4751600.0
1605871.0
4358383.0
4489455.0
4620527.0
4751600.0
5013982.0
4751599.0
1605871.0
4358383.0
3834095.0
3178736.0
3440879.0
3703023.0
3834095.0
4096239.0
4358383.0
4096239.0
3834095.0
4096240.0
3178735.0
4358383.0
4489455.0
4751599.0
5013744.0
4751598.0
4358384.0
4489455.0
4751599.0
5013982.0
4751600.0
1605870.0
4358384.0
4489455.0
4620527.0
4751600.0
5013982.0
4751598.0
1212656.0
4751598.0
5013744.0
5144816.0
5275886.0
5275888.0
2523374.0
5275888.0
950511.0
5013743.0
4620528.0
4096238.0
4751600.0
1343966.0
1212894.0
4358384.0
4489454.0
4620528.0
4751599.0
5013982.0
4751599.0
1605872.0
4358382.0
4489456.0
4620527.0
4751599.0
5013982.0
4751599.0
1605872.0
4358383.0
3834095.0
3178735.0
3440879.0
3703023.0
3834095.0
4096240.0
4358383.0
4096239.0
3834095.0
4096239.0
3834096.0
2785758.0
688606.0
3178735.0
3047663.0
3178736.0
3834094.0
3441118.0
3834096.0
2654448.0
3440878.0
3834096.0
3440878.0
3178736.0
3834094.0
4358384.0
4751600.0
2785518.0
4358384.0
3834094.0
3178736.0
3440879.0
3834335.0
4358622.0
4096238.0
2130160.0
3834095.0
3834095.0
1606110.0
688607.0
2523614.0
2654447.0
2785519.0
3834095.0
2261232.0
2785519.0
3834095.0
2785758.0
3834095.0
1343728.0
2261470.0
1212894.0
5406959.0
5669103.0
5800176.0
5931247.0
5406959.0
5669103.0
5931247.0
5276126.0
5669104.0
5407198.0
2261470.0
2261470.0
2523614.0
2654448.0
2785520.0
3834094.0
2261232.0
2785518.0
3834096.0
2785758.0
3834096.0
1343726.0
2261470.0
1212895.0
5013983.0
4751598.0
4620528.0
5013742.0
5406960.0
5931247.0
950511.0
5669103.0
5406959.0
5013744.0
5669103.0
1606110.0
1868254.0
2523615.0
2654447.0
2785519.0
3834095.0
2261231.0
2785519.0
3834096.0
2785758.0
3834095.0
1343727.0
2261470.0
1212894.0
5406960.0
5669103.0
5800175.0
5931248.0
5406958.0
5669104.0
5931246.0
5276127.0
5669103.0
5407198.0
2261470.0
2261472.0
5407198.0
5669102.0
5931248.0
5406958.0
5669104.0
5931248.0
1999086.0
5406960.0
5669102.0
5406960.0
5931247.0
5406959.0
5669103.0
5931247.0
1736944.0
5406958.0
5669104.0
5406959.0
5931247.0
5406959.0
5669103.0
5931248.0
1605871.0
5275887.0
5669103.0
5407198.0
1606111.0
688606.0
5014463.0
4882671.0
5013743.0
688606.0
5407198.0
5669343.0
3572190.0
3440879.0
3571952.0
3834094.0
4096240.0
4489694.0
4358384.0
4489454.0
1868254.0
5013982.0
5145056.0
3178974.0
2916590.0
3178736.0
3440879.0
3571951.0
4096478.0
4751838.0
4096240.0
1605871.0
4751599.0
4096240.0
3834334.0
2916830.0
4489694.0
2916830.0
4358623.0
4882671.0
5275887.0
5931247.0
1736943.0
5669104.0
5275887.0
5406959.0
5013743.0
5145535.0
688606.0
5013982.0
4882672.0
5013742.0
688607.0
5407198.0
5669343.0
3572190.0
3440879.0
3571951.0
3834096.0
4096238.0
4489694.0
4358384.0
4489454.0
1868256.0
5013982.0
5145054.0
3178974.0
2916592.0
3178734.0
3440880.0
3571950.0
4096479.0
4751839.0
4096238.0
1605872.0
4751599.0
4096239.0
3834334.0
1343728.0
1212654.0
950512.0
4489455.0
4489935.0
5013744.0
5406959.0
1868015.0
4751599.0
2261231.0
3834095.0
4096240.0
4358383.0
4489455.0
6063038.0
