2916352.0
4620526.0
4620528.0
4882670.0
5144816.0
5144814.0
5144816.0
5144815.0
5144815.0
4882672.0
4620526.0
1474800.0
5275887.0
1737182.0
1736943.0
164080.0
4620526.0
4620528.0
4882910.0
4882671.0
4882671.0
4882672.0
4882671.0
4620527.0
4620527.0
1343727.0
5144815.0
1475038.0
1474800.0
4620766.0
1999087.0
4227311.0
4620528.0
4620526.0
2130160.0
4620527.0
4620527.0
557295.0
4227311.0
4227312.0
4620526.0
4620528.0
1081583.0
4620527.0
4620528.0
4227550.0
4227310.0
5144816.0
5144814.0
5144816.0
5144816.0
5144814.0
5144816.0
688366.0
5144816.0
5144815.0
5144815.0
5144816.0
5144814.0
5144816.0
950510.0
2523376.0
950511.0
4620527.0
4620766.0
4620528.0
4227550.0
1474799.0
4227311.0
4620528.0
4620766.0
4620527.0
164079.0
4227311.0
2130159.0
4227311.0
4489456.0
4489455.0
4489455.0
4489455.0
819439.0
4489455.0
2392303.0
3965168.0
4227191.0
4489336.0
4489455.0
4489455.0
4489455.0
4489694.0
1474800.0
4620766.0
4620766.0
4620528.0
557294.0
4227312.0
2130158.0
3965168.0
4620528.0
4620526.0
4620528.0
4882670.0
5145054.0
1081584.0
4489456.0
4489454.0
4489456.0
4489454.0
4227312.0
426223.0
4489455.0
1999088.0
4489694.0
4489454.0
4489456.0
4227311.0
950511.0
4489456.0
1999086.0
4620767.0
5144815.0
5144815.0
4882671.0
4882671.0
4620527.0
4620528.0
4489455.0
4489455.0
4227311.0
1736943.0
1736943.0
164080.0
4489455.0
4620527.0
5144815.0
4882671.0
4882671.0
4882671.0
4620528.0
4620527.0
4489455.0
4489455.0
4227311.0
4227312.0
3965166.0
1474800.0
1474798.0
1475280.0
3965168.0
4227310.0
4227312.0
3965167.0
4227311.0
557296.0
4620526.0
2130160.0
3965166.0
4227312.0
4227310.0
3965168.0
4227312.0
4620766.0
1081582.0
3965168.0
5144815.0
5144815.0
5144816.0
5144814.0
5144816.0
5144814.0
5144816.0
5144815.0
5013743.0
5144635.0
2523555.0
1343728.0
2916591.0
4620527.0
4620527.0
4882671.0
5144816.0
5144814.0
5144816.0
5144815.0
5144815.0
4882671.0
4620527.0
1474799.0
5275888.0
1737182.0
1736943.0
164079.0
4620527.0
4620527.0
4882911.0
4882671.0
4882671.0
4882671.0
4882672.0
4620526.0
4620528.0
1343727.0
5144815.0
1475038.0
1474800.0
4620766.0
1999086.0
4227312.0
4620528.0
4620526.0
2130160.0
4620526.0
4620528.0
557294.0
4227312.0
4227312.0
4620526.0
4620528.0
1081582.0
4620528.0
4620527.0
4227551.0
4227310.0
5144816.0
5144814.0
5144816.0
5144815.0
5144815.0
5144816.0
688366.0
5144816.0
5144815.0
5144815.0
5144815.0
5144815.0
5144815.0
950511.0
2523376.0
950511.0
426223.0
2523614.0
1343727.0
2916592.0
4620527.0
4620527.0
4882671.0
5144815.0
5144815.0
5144815.0
5144816.0
5144815.0
4882671.0
6193391.0
1474799.0
5275888.0
1737182.0
1736942.0
164080.0
4620527.0
4620527.0
4882910.0
4882672.0
4882670.0
4882672.0
4882672.0
6193390.0
6193392.0
1343726.0
6193392.0
1475038.0
1474800.0
4620766.0
1999086.0
4227312.0
4620527.0
4620527.0
2130160.0
4620526.0
4620528.0
557294.0
4227312.0
4227311.0
4620527.0
4620527.0
1081583.0
4620528.0
4620527.0
4227550.0
4227311.0
5144815.0
5144815.0
5144816.0
5144815.0
5144815.0
5144815.0
688367.0
5144815.0
5144816.0
5144815.0
5144815.0
5144815.0
5144815.0
950511.0
2523375.0
950512.0
5800174.0
