4227072.0
3572190.0
4227550.0
4227550.0
4489455.0
4620527.0
3047902.0
3703263.0
4227550.0
4489455.0
4620528.0
3310046.0
3965406.0
4489694.0
4227312.0
4489455.0
2916830.0
3572190.0
3571951.0
4620527.0
4489456.0
4227311.0
3572190.0
4227551.0
4227310.0
4489456.0
4227311.0
5275887.0
3047902.0
3703262.0
5145055.0
4882671.0
5144816.0
3965406.0
4620766.0
4882910.0
4620528.0
4882670.0
3310046.0
3965407.0
5145055.0
5276126.0
4227550.0
5276126.0
5145054.0
4882672.0
5931247.0
3703262.0
4358623.0
5800414.0
5538031.0
5800175.0
4620766.0
5800415.0
5538270.0
5275887.0
5538031.0
3965406.0
5276127.0
5145054.0
5145055.0
5276126.0
4882910.0
3703262.0
4358622.0
4358622.0
5276128.0
5931486.0
5538270.0
3965406.0
4620766.0
4620766.0
5538271.0
6193631.0
5538270.0
4620766.0
4227550.0
1999326.0
2654687.0
4227550.0
4489455.0
4620527.0
1475039.0
2130398.0
4227550.0
4489455.0
4620528.0
1737182.0
2392542.0
4489694.0
4227312.0
4489455.0
1343966.0
3572191.0
3571950.0
4620528.0
4489454.0
4227312.0
1999326.0
4227550.0
4227312.0
4489454.0
4227312.0
5275888.0
1475038.0
2130398.0
5145054.0
4882672.0
5144814.0
2392542.0
3047903.0
4882911.0
4620526.0
4882672.0
1737182.0
2392542.0
5145054.0
5276127.0
2654686.0
3703262.0
5145055.0
4882671.0
5931247.0
2130398.0
2785759.0
5800414.0
5538031.0
5800175.0
3047902.0
4227550.0
5538271.0
5275887.0
5538032.0
2392542.0
3703262.0
5145054.0
5145054.0
5276126.0
4882912.0
3703262.0
4358622.0
4358622.0
5276126.0
5931486.0
5538271.0
819439.0
2392303.0
819439.0
3047664.0
4620766.0
819439.0
5538031.0
819439.0
6193391.0
5538271.0
4620766.0
4227550.0
4228511.0
4489336.0
4227192.0
4620527.0
4228511.0
4489335.0
4227192.0
4620527.0
4490655.0
4227312.0
4489454.0
3572671.0
3571951.0
4620528.0
4489455.0
4227311.0
4228030.0
4227312.0
4489455.0
4227311.0
5275888.0
5146014.0
4882672.0
5144814.0
4883872.0
4620527.0
4882671.0
3965168.0
4227310.0
4489456.0
4620526.0
4882672.0
5144816.0
5275886.0
5275888.0
164318.0
164318.0
5145054.0
4882672.0
5931246.0
1212895.0
1212894.0
5800415.0
5538030.0
5800176.0
557534.0
557534.0
5931487.0
5800175.0
5538031.0
1475038.0
5276126.0
5145055.0
1474799.0
5144815.0
5276127.0
4882910.0
557295.0
1212655.0
1736943.0
2130159.0
2785520.0
3309806.0
3703024.0
4358383.0
4882491.0
5275706.0
5931067.0
5145355.0
