557056.0
1475038.0
2130398.0
1475038.0
951230.0
1606111.0
950751.0
295390.0
1212894.0
1868254.0
1212894.0
950751.0
1868254.0
3441118.0
4096239.0
4358384.0
4620527.0
4358383.0
4096478.0
4096239.0
2130160.0
1475038.0
951230.0
3441119.0
4096239.0
4358383.0
4620527.0
4358384.0
4096478.0
4358383.0
1868015.0
4620528.0
1212654.0
4620528.0
950510.0
1868254.0
3441120.0
4096238.0
4358384.0
4620526.0
4358384.0
4096478.0
4096240.0
2130158.0
1475038.0
951232.0
3441118.0
4096239.0
4358383.0
4620527.0
4358383.0
4096478.0
4358384.0
1868015.0
5013743.0
1212655.0
4620527.0
950512.0
1868254.0
4620766.0
4751838.0
5013983.0
5013982.0
5013743.0
1868015.0
5013982.0
5013983.0
4620766.0
4096239.0
1605872.0
4620766.0
4751599.0
5013743.0
5013982.0
5013744.0
1474798.0
5013983.0
5013983.0
4620766.0
4096238.0
2130160.0
4096478.0
4358384.0
4620526.0
4620766.0
4620528.0
1212655.0
4620767.0
4620766.0
5276126.0
5276126.0
4620528.0
4358263.0
4096119.0
4358623.0
1212894.0
4358623.0
4358622.0
4358383.0
4358383.0
3965406.0
3441119.0
4096239.0
4358383.0
4620527.0
4358383.0
4096478.0
4096240.0
2130159.0
1475038.0
951231.0
3441118.0
4096240.0
4358382.0
4620528.0
4358382.0
4096480.0
4358382.0
1868016.0
4620526.0
1212656.0
4620526.0
950512.0
1868254.0
3441118.0
4096240.0
4358383.0
4620527.0
4358384.0
4096478.0
4096238.0
2130160.0
1475038.0
951231.0
3441118.0
4096239.0
4358384.0
4620526.0
4358384.0
4096478.0
4358383.0
1868015.0
5013743.0
1212656.0
4620527.0
950511.0
1868254.0
4620766.0
4751839.0
5013982.0
5013983.0
5013742.0
1868016.0
5013982.0
5013982.0
4620766.0
4096240.0
1605870.0
4620768.0
4751598.0
5013744.0
5013982.0
5013742.0
1474800.0
5013982.0
5013982.0
4620767.0
4096239.0
2130160.0
4096478.0
4358382.0
4620528.0
4620766.0
4620528.0
1212654.0
4620767.0
4620766.0
5276607.0
4620527.0
4358263.0
4096120.0
3703023.0
4096239.0
1868255.0
2785758.0
3441118.0
3047902.0
1475039.0
2130398.0
1475039.0
3047902.0
950750.0
2523614.0
3047902.0
2785759.0
1212895.0
1868254.0
1212894.0
2523376.0
5013742.0
3440880.0
4096238.0
4358384.0
5013742.0
4358384.0
4096239.0
3440879.0
5013744.0
3440878.0
4096240.0
4358383.0
5013743.0
4358383.0
4096239.0
3440880.0
5013742.0
3440880.0
4096239.0
4358383.0
5013743.0
4358383.0
4096240.0
3440879.0
5013743.0
3440879.0
4096239.0
4358383.0
5013743.0
4358383.0
4096240.0
3440879.0
5013743.0
3440879.0
4096239.0
4358384.0
5013742.0
4358384.0
4096239.0
3440879.0
5013743.0
3440879.0
4096240.0
4358382.0
5013744.0
4358383.0
4096239.0
3440880.0
5013742.0
3440880.0
4096238.0
4358384.0
5013742.0
4358384.0
4096240.0
3440878.0
5013744.0
3440878.0
4096240.0
4358383.0
5013743.0
4358384.0
4096238.0
3440880.0
5013742.0
5013983.0
5013743.0
2392304.0
5013982.0
5013982.0
4620766.0
4096240.0
2523374.0
4620767.0
4751599.0
5013743.0
5013982.0
5013744.0
2785519.0
5013982.0
5013982.0
4620767.0
4096239.0
2523375.0
4096478.0
4358384.0
4620526.0
4620767.0
4620527.0
2523375.0
4620767.0
4620766.0
5276126.0
4358622.0
4620408.0
4358264.0
4096238.0
4358622.0
4359104.0
4358622.0
4358384.0
4358382.0
3965406.0
3441118.0
4096240.0
4358383.0
4620527.0
4358384.0
4096478.0
4096239.0
2130159.0
1475038.0
951231.0
3441118.0
4096239.0
4358384.0
4620527.0
4358383.0
4096478.0
4358383.0
1868016.0
4620527.0
1212655.0
4620527.0
950511.0
1868254.0
3441119.0
4096239.0
4358383.0
4620527.0
4358384.0
4096478.0
4096238.0
2130160.0
1475038.0
951231.0
3441119.0
4096238.0
4358384.0
4620526.0
4358384.0
4096478.0
4358384.0
1868014.0
5013744.0
1212654.0
4620528.0
950511.0
1868255.0
4620766.0
4751838.0
5013982.0
5013982.0
5013744.0
1868015.0
5013982.0
5013983.0
4620766.0
4096239.0
1605871.0
4620766.0
4751599.0
5013744.0
5013982.0
5013743.0
1474799.0
5013982.0
5013983.0
4620766.0
4096239.0
2130160.0
4096478.0
4358383.0
4620527.0
4620766.0
4620528.0
1212654.0
4620766.0
4620768.0
5276606.0
4620528.0
4358262.0
4096120.0
3703024.0
4096238.0
1868254.0
5669344.0
1868254.0
5538270.0
1475038.0
2130398.0
5013982.0
4620767.0
950750.0
2523615.0
3047902.0
2785758.0
1212894.0
3441119.0
4096239.0
4358383.0
4620527.0
4358383.0
4096478.0
4096240.0
5669103.0
1868254.0
5538271.0
1475038.0
2130398.0
5013982.0
5276126.0
950751.0
2130399.0
2392302.0
2523376.0
2785518.0
3047664.0
3178736.0
2785518.0
3441118.0
4096240.0
4358382.0
4620528.0
4358383.0
4096479.0
4096238.0
5669104.0
1868254.0
5538270.0
1475038.0
2130399.0
5013982.0
4620767.0
950750.0
2523614.0
3047902.0
2785759.0
1212894.0
3441118.0
4096240.0
4358382.0
4620528.0
4358383.0
4096478.0
4096239.0
2523376.0
3703742.0
3441360.0
3179216.0
3047902.0
