3702784.0
2523614.0
4096478.0
2523614.0
4358383.0
4751599.0
3703262.0
5013744.0
4358383.0
4751599.0
4096239.0
5669343.0
3178974.0
5931486.0
5669103.0
5275887.0
5669104.0
5013743.0
3441118.0
4751599.0
4358383.0
4096239.0
3703023.0
4096240.0
5013743.0
5013982.0
5275887.0
4620528.0
4358622.0
4096478.0
2523614.0
4358384.0
4751598.0
5013983.0
3703263.0
4751838.0
4358622.0
4096238.0
4358384.0
4751600.0
4096238.0
3047902.0
4096240.0
3703023.0
3440879.0
3047664.0
2785518.0
5275888.0
2523614.0
5669103.0
4620527.0
5013982.0
4358623.0
4751599.0
4096239.0
2785759.0
3178734.0
4096240.0
3703262.0
1474799.0
4096120.0
3702903.0
4096479.0
4358383.0
4620527.0
5013743.0
4358383.0
557295.0
1212655.0
1605872.0
2130159.0
2785519.0
4096239.0
4358383.0
4751600.0
950510.0
1605872.0
5013743.0
5669103.0
2523375.0
5275887.0
3703024.0
5013742.0
1212656.0
5275886.0
5013744.0
4751600.0
3440878.0
4358384.0
4096238.0
3703024.0
950510.0
1605872.0
2130160.0
4751598.0
3178736.0
3703022.0
2130160.0
4358383.0
557295.0
4751480.0
4358264.0
4096238.0
3703024.0
4096238.0
4358384.0
4751599.0
4096239.0
295152.0
950510.0
1605872.0
1868015.0
2523375.0
5275887.0
5669103.0
5013743.0
5275887.0
5013744.0
4751599.0
4620527.0
4358622.0
5276127.0
950511.0
1605871.0
1868015.0
5669103.0
2523375.0
2785519.0
5931248.0
557534.0
1212655.0
1605871.0
5931248.0
2523374.0
5669104.0
3178734.0
950751.0
1605871.0
1868016.0
2130158.0
2523376.0
2785518.0
3178736.0
5669104.0
1212654.0
1868016.0
2261230.0
4096240.0
4358264.0
4751478.0
5013624.0
5275768.0
5668984.0
5931128.0
950510.0
1868016.0
2523374.0
3047664.0
6193391.0
2785519.0
5931248.0
2523374.0
5669104.0
1474798.0
2130160.0
5931247.0
3047663.0
2130159.0
2523375.0
3047664.0
5275887.0
2130159.0
2785519.0
3178735.0
5931247.0
5669103.0
5931248.0
2130159.0
5669103.0
1868015.0
2523375.0
5669103.0
5275888.0
5013743.0
4620527.0
4358383.0
5275887.0
3047663.0
4620527.0
5669104.0
4620526.0
3047664.0
5013743.0
2130159.0
4358384.0
4751598.0
4096240.0
2785518.0
2523376.0
2130159.0
4096239.0
1212656.0
3703022.0
1474800.0
4096120.0
3702902.0
2523376.0
4096240.0
4358382.0
4620528.0
5013742.0
4358384.0
2130158.0
5275888.0
3178736.0
5013742.0
2130160.0
4620526.0
4358384.0
4751599.0
2523375.0
2785519.0
5013743.0
5669104.0
4096238.0
5275888.0
4751599.0
5013743.0
1212655.0
5275887.0
5013744.0
4751599.0
2785519.0
4358383.0
4096239.0
3703023.0
1474799.0
1474800.0
2129978.0
2523195.0
3047483.0
3702843.0
4096058.0
4620347.0
5275707.0
4751418.0
3178736.0
3703022.0
4096240.0
4358383.0
2261231.0
4751480.0
4358264.0
4096238.0
3703024.0
4096238.0
4358384.0
4751599.0
4096239.0
1868016.0
2523374.0
3178736.0
3440878.0
4096240.0
4751600.0
5013742.0
5669104.0
5669342.0
5275886.0
5013744.0
5275887.0
5669103.0
5013744.0
5275886.0
3703263.0
5406959.0
5275887.0
5013983.0
4751838.0
3440879.0
5013623.0
5275768.0
5669103.0
5013743.0
4751600.0
4620527.0
4358383.0
4096239.0
3703262.0
2786239.0
3178735.0
2523375.0
