4751360.0
4751598.0
4751600.0
4096238.0
5144696.0
5013862.0
4751600.0
4096239.0
5669103.0
5406960.0
5144814.0
4751600.0
4489694.0
4751599.0
1605871.0
6062320.0
5669102.0
5406960.0
5144815.0
5406839.0
5669223.0
5406959.0
4489456.0
4751599.0
5669103.0
5406959.0
5144815.0
4751599.0
4489455.0
4751599.0
1605872.0
4751599.0
4751599.0
5013624.0
5144695.0
5406959.0
6062320.0
5800174.0
5669104.0
5144815.0
4096239.0
4096239.0
4489455.0
4751600.0
4489694.0
4751599.0
1605871.0
5669104.0
5406958.0
5144816.0
5406958.0
5145054.0
4751600.0
4096240.0
4489454.0
5669104.0
5406958.0
5144816.0
4751599.0
4489455.0
4751600.0
1605870.0
3571952.0
3571950.0
3571952.0
3571951.0
3571951.0
3571952.0
3571950.0
3178736.0
3571951.0
3571951.0
3571951.0
3571951.0
3571952.0
3571950.0
3571952.0
2916591.0
2916591.0
2916591.0
2916591.0
2916591.0
2916592.0
3178735.0
2916591.0
3178735.0
1606110.0
3178735.0
1605872.0
4096239.0
1605871.0
4751599.0
1605871.0
3571952.0
3571950.0
3571952.0
3571951.0
3571951.0
3571951.0
3571951.0
3178736.0
3571950.0
3571952.0
3571950.0
3571952.0
3571952.0
3571950.0
3571952.0
2916590.0
2916592.0
2916590.0
2916592.0
2916592.0
2916590.0
3178736.0
2916590.0
3178736.0
1606110.0
1343966.0
1081822.0
950751.0
3178735.0
3178736.0
3178734.0
3440880.0
3571951.0
4096239.0
3834095.0
3571951.0
3440879.0
3178735.0
3440880.0
3178735.0
3440759.0
1081703.0
5406959.0
1081583.0
2916592.0
2916591.0
2916591.0
3178735.0
3440879.0
3834095.0
3571951.0
3440880.0
3178735.0
2916591.0
3178735.0
2916591.0
3178736.0
1605870.0
1606110.0
3178736.0
3178735.0
3178735.0
3440880.0
3571950.0
4096240.0
3834094.0
3571952.0
3440880.0
3178734.0
3440880.0
3178734.0
3440760.0
1081702.0
5406960.0
1081584.0
2916590.0
2916592.0
2916590.0
3178736.0
3440879.0
3834095.0
3571952.0
3440878.0
3178736.0
1605870.0
3178736.0
1605871.0
4096239.0
1605871.0
4096239.0
1605872.0
4096239.0
1605871.0
3571951.0
1605871.0
3834095.0
1605871.0
3178736.0
1605871.0
4096239.0
3834095.0
3571951.0
3834095.0
3178736.0
1081583.0
1081822.0
4096239.0
1343727.0
3571951.0
1343728.0
3834094.0
1343728.0
3834095.0
3834095.0
4489456.0
4096238.0
3440880.0
1605870.0
3571952.0
1605871.0
3571951.0
3440880.0
3178734.0
1081584.0
3440878.0
3571952.0
3834096.0
1343726.0
2916592.0
1343726.0
4751600.0
4489454.0
4096240.0
950512.0
4096238.0
950512.0
3834334.0
3571951.0
688367.0
4096239.0
688367.0
3834096.0
4096238.0
3834096.0
4489455.0
1343966.0
4489455.0
4489456.0
4489455.0
4489455.0
4489455.0
1343727.0
5669103.0
1605871.0
5144816.0
1605871.0
5406959.0
1605871.0
4751599.0
1605871.0
5669104.0
5406958.0
5144816.0
5406959.0
4751599.0
1081583.0
1081823.0
5669102.0
1343728.0
5144815.0
1343727.0
5406960.0
1343726.0
5406960.0
5406958.0
6062320.0
5669103.0
5013743.0
1605872.0
5144814.0
1605872.0
5144814.0
5013744.0
4751600.0
1081582.0
5013744.0
5144814.0
5406960.0
1343726.0
4489456.0
1343727.0
6062559.0
5669102.0
950512.0
5669103.0
950511.0
5407198.0
5144816.0
1081582.0
5669104.0
1081583.0
5406959.0
1343727.0
4489455.0
1343728.0
4751599.0
1605871.0
4751599.0
5144815.0
4751599.0
1605871.0
1606111.0
3178735.0
4751599.0
4751480.0
3178615.0
4751599.0
4751480.0
3178616.0
4751598.0
1605872.0
3178974.0
4751599.0
4751479.0
3178616.0
4751600.0
4751479.0
3178615.0
4751600.0
1605871.0
5669343.0
