6193152.0
3047482.0
3440698.0
6193992.0
5931486.0
6193630.0
5931486.0
6193631.0
6194111.0
3178554.0
3702843.0
5931367.0
5276126.0
5669342.0
6193631.0
5931486.0
5932447.0
3178555.0
3702842.0
5669223.0
5276127.0
5669342.0
5931486.0
6193630.0
5931967.0
6193631.0
2785338.0
3440699.0
5276967.0
5931486.0
3047484.0
3440698.0
5669222.0
4621728.0
5013982.0
4620766.0
4358623.0
4620767.0
4358622.0
4620766.0
4621246.0
4358623.0
3703262.0
4096479.0
4620766.0
4358622.0
3178974.0
2130399.0
4358622.0
4096478.0
3703263.0
4096478.0
4358622.0
4620767.0
5013982.0
4358622.0
4620766.0
5276126.0
5013983.0
3703263.0
4358622.0
4096478.0
3047902.0
2523614.0
4358622.0
4096480.0
3703262.0
4096478.0
4358622.0
4620766.0
5013982.0
4358623.0
4620766.0
5013983.0
5275886.0
5013744.0
5013982.0
4620527.0
4620527.0
2392543.0
3441118.0
2392542.0
4358622.0
4358623.0
4620527.0
4358383.0
4096479.0
5013982.0
5013982.0
5275887.0
4358383.0
2130398.0
3703263.0
4620767.0
4620766.0
4359102.0
3703742.0
4358204.0
4620346.0
6194951.0
5013744.0
1868014.0
5013744.0
6193391.0
5013743.0
5931248.0
5013742.0
6193392.0
5013742.0
5931248.0
5013743.0
6193391.0
5013744.0
5669102.0
5931248.0
6193391.0
4751599.0
5931247.0
4751599.0
5275887.0
4751599.0
5669104.0
4751599.0
6193391.0
4751599.0
5931247.0
4751599.0
5931248.0
5275887.0
5931247.0
5931486.0
5275887.0
5669103.0
4751600.0
5275887.0
4751599.0
5669103.0
5275887.0
5931248.0
5275886.0
6193392.0
5275886.0
5276127.0
5931247.0
5275888.0
6193390.0
5538032.0
1868014.0
5538032.0
2392304.0
4620526.0
5275888.0
4620526.0
5931248.0
5013742.0
5669104.0
5013744.0
5669102.0
4620528.0
5013742.0
5669104.0
5931247.0
5275887.0
5669104.0
4751598.0
5275888.0
4751598.0
5669104.0
5275887.0
5931247.0
5275887.0
6193391.0
5275888.0
950511.0
5275887.0
5931247.0
5275887.0
6193391.0
5013743.0
1868016.0
2523614.0
5013743.0
6193630.0
6193392.0
1868254.0
3047902.0
6193872.0
5931247.0
5275887.0
5931247.0
6193391.0
5931248.0
5275886.0
5669104.0
5275887.0
3178735.0
5669103.0
5669343.0
5931246.0
4751600.0
5275886.0
5669104.0
5275888.0
4751598.0
6193392.0
5538030.0
5931248.0
5538030.0
6193392.0
5931248.0
5669102.0
4622208.0
5014462.0
5669824.0
950510.0
5013744.0
2130159.0
5275887.0
3178735.0
2523375.0
2130160.0
1606110.0
5275887.0
2523375.0
5013743.0
2523375.0
4620528.0
1605871.0
4620527.0
819439.0
5013743.0
1868015.0
5013743.0
3047664.0
2392303.0
1868015.0
1475038.0
1868015.0
2392304.0
4620526.0
2392304.0
5013743.0
1474799.0
5275887.0
950511.0
5669104.0
2130158.0
5931248.0
2130159.0
5669103.0
2130160.0
5013742.0
1212656.0
4620526.0
2392304.0
4358383.0
2392303.0
5013744.0
1212654.0
950512.0
1868014.0
4620528.0
3047664.0
5931246.0
6193392.0
5669102.0
5013744.0
6193390.0
5669104.0
5013743.0
4096239.0
6193392.0
3047662.0
5013744.0
3047663.0
5669103.0
950511.0
5013743.0
2130160.0
5013742.0
3178736.0
5275887.0
4096239.0
1606110.0
5669104.0
2523375.0
5931247.0
3703023.0
5669103.0
3178735.0
5013743.0
819439.0
6193392.0
1868015.0
5013743.0
3047663.0
5669103.0
3965168.0
5275886.0
1474800.0
2130159.0
2523375.0
3047663.0
3703023.0
6193392.0
3703022.0
5931248.0
2130159.0
6193391.0
3178736.0
5013742.0
4358384.0
6193390.0
3178736.0
5931246.0
1212656.0
1868016.0
2392302.0
2785520.0
3440878.0
5669104.0
3440879.0
5669103.0
1868016.0
2523374.0
3047664.0
3440878.0
4096240.0
4620527.0
5013743.0
5669104.0
