4489216.0
4096238.0
4096240.0
4096238.0
4489456.0
4096238.0
4096240.0
5669103.0
5406959.0
5144696.0
5013624.0
4751479.0
4489335.0
4227312.0
4096239.0
4227311.0
4489455.0
4489695.0
4096238.0
4096240.0
4096239.0
4489455.0
4096239.0
4096239.0
5669104.0
5406959.0
5144695.0
5013624.0
4751479.0
4489336.0
4620527.0
4751599.0
950511.0
1605871.0
950512.0
5144815.0
4751599.0
4751599.0
4751599.0
5406960.0
5013742.0
5013744.0
5013743.0
5406959.0
5013743.0
5406959.0
5013744.0
5669102.0
5144816.0
5669103.0
5144815.0
6062320.0
5669102.0
5669104.0
5669102.0
6062320.0
5669102.0
5669104.0
5669104.0
5406958.0
5144696.0
5013624.0
4751480.0
4489334.0
4227312.0
4096239.0
4227311.0
4489456.0
3571950.0
6062320.0
5669102.0
5669104.0
5669103.0
6062319.0
5669104.0
5669102.0
5669104.0
5406959.0
5144695.0
5013624.0
4751480.0
4489335.0
4620527.0
4751600.0
950510.0
1605872.0
950511.0
5144815.0
4751599.0
4751599.0
4751599.0
5406960.0
5013743.0
5013743.0
5013743.0
5406959.0
5013743.0
5406959.0
5013744.0
5669103.0
5144815.0
5669103.0
5144815.0
6062320.0
5669102.0
5669104.0
5669103.0
6062319.0
5669103.0
5669103.0
2523376.0
426222.0
6062320.0
5800056.0
6062198.0
5013744.0
5144816.0
5669102.0
5668984.0
5668984.0
5669102.0
5538032.0
5538030.0
5668984.0
5931128.0
5013744.0
6062318.0
6062320.0
5931128.0
5668982.0
950512.0
5538031.0
5538031.0
5668984.0
5931128.0
5013742.0
5013744.0
5931246.0
5013744.0
5931247.0
6062319.0
5669104.0
5013742.0
5931248.0
6062319.0
5669103.0
6062319.0
5669103.0
6193391.0
6193391.0
4751480.0
5013624.0
5669103.0
5144815.0
5144815.0
5013624.0
4751479.0
6193631.0
6193391.0
4751479.0
5013624.0
5669103.0
5669103.0
2130040.0
5275767.0
5669103.0
2130040.0
5275768.0
5669103.0
1998967.0
5144696.0
5669103.0
1998967.0
5144696.0
5669104.0
1998967.0
5144695.0
5669104.0
1998967.0
5144695.0
6062320.0
5669103.0
2916471.0
5668984.0
2916472.0
5668984.0
6062318.0
5669104.0
2916472.0
5668982.0
2916472.0
5668984.0
5406960.0
5144694.0
5013624.0
4751480.0
6062200.0
5800174.0
5669104.0
1998968.0
5800054.0
1605752.0
6062200.0
1343728.0
6062318.0
5669104.0
2916471.0
5668983.0
2916472.0
5668984.0
6062319.0
5669103.0
2916472.0
5668984.0
2916470.0
5668984.0
5406960.0
5144695.0
5013623.0
4751480.0
6062200.0
6193391.0
4751599.0
950511.0
1605871.0
950512.0
5144815.0
4751599.0
4751599.0
4751599.0
5406959.0
5013743.0
5013744.0
5013743.0
5406959.0
5013743.0
5406959.0
5013743.0
5669104.0
5144815.0
5669103.0
5144815.0
6062319.0
5669103.0
5669103.0
5669104.0
6062318.0
5669104.0
5669103.0
5669103.0
5406960.0
5144695.0
5013623.0
4751480.0
6062200.0
5013742.0
5144816.0
5669103.0
5668983.0
5668984.0
5669104.0
5538030.0
5538032.0
5668984.0
5931126.0
5013744.0
6062320.0
6062318.0
5931128.0
5668984.0
2916590.0
5538032.0
5538030.0
5668984.0
5931128.0
5013744.0
5013742.0
5931248.0
5013742.0
5931248.0
6062319.0
5669103.0
5013743.0
5931247.0
6062320.0
5669102.0
6062320.0
5669103.0
6193391.0
6193391.0
4751480.0
5013623.0
5669104.0
5144815.0
5144815.0
5013623.0
4751480.0
1999087.0
6193391.0
6193391.0
4751480.0
5013624.0
5669103.0
5669103.0
5275887.0
5669103.0
5275887.0
5669104.0
5144814.0
5669104.0
5144815.0
5669103.0
1998968.0
5144695.0
5669103.0
1998968.0
5144696.0
6062318.0
5669104.0
5669103.0
5669103.0
6062320.0
5669102.0
5669104.0
5669102.0
5406960.0
5144696.0
5013623.0
4751479.0
6062200.0
5800176.0
5669102.0
5800176.0
6062318.0
1343728.0
6062320.0
5669102.0
5669104.0
5669102.0
6062320.0
5669102.0
5669104.0
5669103.0
5406959.0
5144696.0
5013624.0
4751479.0
6062199.0
6193392.0
4751599.0
2523375.0
2523375.0
2523375.0
3178974.0
3178736.0
2917071.0
2916591.0
2917072.0
2916591.0
426463.0
2916591.0
2916591.0
1343727.0
6062319.0
5669103.0
5669103.0
5669103.0
6062320.0
5669103.0
5669103.0
5669103.0
5406959.0
5144696.0
5013624.0
4751479.0
6062199.0
6193392.0
4751599.0
4882671.0
5013743.0
5013743.0
5275888.0
5275886.0
5406960.0
5800175.0
5406959.0
5013744.0
5144814.0
5669104.0
5275886.0
5275888.0
5406958.0
5800176.0
5406960.0
5013742.0
5144816.0
5669102.0
6062320.0
5669103.0
5669103.0
5669104.0
6062318.0
5669104.0
5669102.0
5669104.0
6062319.0
5669103.0
6062320.0
5669102.0
6062320.0
5669103.0
6062319.0
5669103.0
5669103.0
5145054.0
1999327.0
5145054.0
