4751360.0
4882670.0
3834096.0
4751598.0
4882910.0
4752080.0
4882672.0
3834094.0
4882672.0
4751838.0
3572190.0
4489456.0
4751598.0
3571952.0
4489455.0
4751838.0
3572191.0
4227311.0
3965887.0
4752318.0
4882671.0
3834095.0
4751600.0
4882910.0
4883151.0
4751600.0
3834095.0
4882671.0
4751838.0
3572190.0
4489456.0
4751599.0
3571951.0
4489455.0
4751839.0
3572190.0
4227311.0
4096959.0
1999568.0
3178734.0
3309808.0
2261230.0
3178736.0
3310046.0
2261232.0
2261230.0
3309808.0
3178734.0
2261232.0
3309807.0
3178975.0
1736942.0
1736944.0
2916590.0
3178736.0
1999087.0
2916591.0
3178974.0
1736944.0
1605871.0
2654447.0
1343966.0
2392542.0
1081823.0
1999087.0
3178735.0
3309807.0
2261231.0
3309808.0
3178974.0
688367.0
2654447.0
2654447.0
3309807.0
2261232.0
3309807.0
3178974.0
1736943.0
1999088.0
2916590.0
3178736.0
1999087.0
2916591.0
2654686.0
1999088.0
2654446.0
2654448.0
1737182.0
2523614.0
1737182.0
1605872.0
2261712.0
2261230.0
2654686.0
2916832.0
164078.0
2654448.0
1736942.0
2261232.0
1605870.0
2654448.0
2654686.0
2654686.0
2654448.0
2392303.0
2261470.0
2392543.0
2261230.0
1605872.0
688367.0
1605871.0
2392303.0
1999087.0
2261232.0
2392303.0
2261231.0
688367.0
2261231.0
2261231.0
1999087.0
1736943.0
1999327.0
164318.0
1999087.0
2261232.0
1999086.0
1736944.0
1344208.0
426462.0
1999326.0
1999326.0
4489694.0
4489694.0
5145056.0
5145054.0
1081822.0
3572190.0
3571952.0
4227550.0
4227550.0
3572190.0
3572190.0
4489694.0
4489936.0
1736944.0
4489454.0
4227312.0
4489455.0
4489455.0
4227550.0
4489456.0
4751598.0
819440.0
4882671.0
1736943.0
4751599.0
819439.0
4751599.0
4227312.0
3571951.0
3572190.0
4227550.0
4227551.0
426223.0
3571951.0
3572190.0
1081584.0
4489454.0
4489936.0
1736944.0
164078.0
1736944.0
819438.0
2392304.0
1343727.0
1736943.0
164080.0
4489454.0
4227312.0
4489454.0
1343728.0
4751600.0
1736942.0
4882910.0
1736944.0
2916590.0
1736944.0
2916592.0
1736942.0
2916592.0
1736942.0
2392304.0
1736943.0
2916591.0
2916830.0
6062320.0
4751598.0
4882672.0
3834095.0
2654447.0
3834095.0
2654447.0
3834096.0
5800175.0
5800175.0
5144815.0
3571951.0
2654447.0
3571951.0
2654448.0
3571951.0
2654447.0
4882671.0
4751599.0
6062319.0
6062320.0
6062318.0
2916592.0
6062319.0
4751599.0
3834095.0
4882671.0
3965168.0
2916590.0
3965168.0
2916591.0
3965167.0
6062320.0
4751598.0
4882672.0
3834094.0
2654448.0
3834095.0
2654447.0
3834096.0
5800174.0
5406960.0
5144814.0
3571952.0
3834096.0
3571950.0
2654448.0
3571950.0
4882672.0
5144814.0
5406960.0
3834095.0
5406959.0
5406960.0
5538030.0
3834096.0
5406959.0
3834095.0
5144815.0
4882671.0
2916592.0
3965166.0
2916592.0
3965167.0
2916591.0
3965167.0
2916591.0
5800176.0
2654447.0
3834095.0
5406959.0
3834095.0
2654447.0
5144815.0
2654447.0
3571952.0
2654447.0
3571951.0
2654447.0
3571951.0
2654448.0
4882670.0
2654448.0
5800175.0
2916591.0
3834095.0
5406959.0
3834096.0
2916590.0
4882672.0
2916591.0
3965167.0
2916592.0
3965166.0
2916592.0
3965166.0
2916592.0
4882670.0
4882672.0
4751600.0
2261230.0
3178736.0
4227310.0
2654448.0
2261231.0
4227311.0
2261232.0
2654446.0
2130160.0
3047662.0
2130160.0
3047663.0
2130159.0
3047664.0
2130158.0
2392304.0
2392542.0
2261231.0
2392303.0
2261232.0
2392302.0
2392304.0
2261231.0
1736943.0
