2260992.0
3178734.0
3834096.0
4751598.0
4751600.0
4489454.0
4358384.0
4096239.0
1605871.0
2523376.0
3178734.0
4096240.0
4096239.0
4358383.0
4489455.0
4358383.0
1868016.0
2785518.0
3440880.0
3834095.0
3834095.0
4096239.0
4358623.0
1343727.0
4096239.0
2916591.0
3834095.0
1212655.0
3703023.0
3440879.0
3178736.0
688367.0
1605871.0
2261231.0
3178735.0
3178736.0
2916590.0
2785520.0
2523375.0
950750.0
1605871.0
2523376.0
2523374.0
2785520.0
2916591.0
2785519.0
295152.0
1212654.0
2261232.0
2261230.0
2523614.0
2785520.0
2916592.0
2785758.0
1212654.0
2523376.0
2261470.0
2130160.0
2261230.0
295152.0
1212654.0
1868016.0
2130159.0
2261471.0
1868254.0
295151.0
1212655.0
1868015.0
2130159.0
2261470.0
1868255.0
688367.0
1605871.0
2523375.0
2785519.0
3178736.0
3834095.0
4096239.0
4096239.0
557295.0
4358383.0
2261231.0
3178736.0
4489455.0
4358383.0
3834095.0
4096239.0
295152.0
3834094.0
3440880.0
2785519.0
1868254.0
3440879.0
3703024.0
3834094.0
4096240.0
1605870.0
3834096.0
3703024.0
1605870.0
3440880.0
3178734.0
688368.0
1605870.0
2523376.0
2785520.0
3178734.0
3834096.0
4096238.0
4096240.0
557295.0
4358383.0
2261232.0
3178734.0
4489456.0
3834094.0
4096240.0
3834334.0
3440880.0
2261230.0
2785520.0
1868254.0
3440879.0
3703023.0
3834095.0
4096239.0
1605872.0
3834095.0
3703023.0
1605871.0
3834095.0
3834095.0
295152.0
1212655.0
1868015.0
2785519.0
3834095.0
4096239.0
4358383.0
4489456.0
950511.0
1343727.0
4358383.0
3834095.0
4096478.0
3833976.0
3440760.0
2130158.0
295152.0
1212655.0
1868015.0
2785520.0
3834094.0
4096240.0
4358382.0
4489456.0
950512.0
1343726.0
4358384.0
3834094.0
3834334.0
3440760.0
3178616.0
1605872.0
688366.0
1605872.0
2261230.0
4751600.0
4751599.0
4489455.0
4358384.0
4096238.0
557296.0
1605870.0
2130160.0
4096239.0
4096239.0
4358383.0
4489455.0
4358384.0
295151.0
1212655.0
3834095.0
3834095.0
1868015.0
4096239.0
2785520.0
4358383.0
4096478.0
2261231.0
3834095.0
3703263.0
3440879.0
3178735.0
688367.0
1605871.0
2261231.0
4751600.0
4751598.0
4489456.0
4358383.0
4096239.0
557296.0
1605870.0
2130160.0
4096238.0
4096240.0
4358383.0
4489455.0
4358384.0
295150.0
1212656.0
3834094.0
4096240.0
1868016.0
4358382.0
2785520.0
4489454.0
4358622.0
2261232.0
4096240.0
3834334.0
3703022.0
3834096.0
688367.0
2785339.0
3178554.0
3833915.0
