4227072.0
2130158.0
2654448.0
2130158.0
3309808.0
3571950.0
3703024.0
3965167.0
4227311.0
2130160.0
2654446.0
3703024.0
4227311.0
2130159.0
2654447.0
3703023.0
4227312.0
2130158.0
2654448.0
3309807.0
3703023.0
3309807.0
2654447.0
3703024.0
3309807.0
2130159.0
2654447.0
2130159.0
1736943.0
3965167.0
3703023.0
3571952.0
4227311.0
2130159.0
2654447.0
2130159.0
3309808.0
3571950.0
3703024.0
3965167.0
4227311.0
2130159.0
2654447.0
3703024.0
4227310.0
2130160.0
2654447.0
3703023.0
4227312.0
2130158.0
2654448.0
3309806.0
3703024.0
3309806.0
2785520.0
3703024.0
3309806.0
2130160.0
2654446.0
2130160.0
1736943.0
3310047.0
3572190.0
1999086.0
3703024.0
1999087.0
3965167.0
1999088.0
4227310.0
4358384.0
4620527.0
1474799.0
1999087.0
4358383.0
4227312.0
1474798.0
4358384.0
4620527.0
4882671.0
1212655.0
1736943.0
4620527.0
4358384.0
1212655.0
4620527.0
4882671.0
5144815.0
950511.0
1343727.0
4882672.0
4227311.0
3703023.0
3571951.0
3309807.0
3571952.0
1999086.0
3703024.0
1999087.0
3965167.0
1999087.0
4227311.0
4358384.0
4620526.0
1474800.0
1999086.0
4358384.0
4227312.0
1474798.0
4358384.0
4620526.0
4882672.0
1212654.0
1736944.0
4620528.0
4358382.0
1212656.0
4620526.0
4882672.0
5013743.0
819439.0
1212656.0
4358382.0
3965168.0
819438.0
4358384.0
5013743.0
5144815.0
950512.0
1343726.0
4489456.0
5144815.0
1605871.0
1999087.0
4227311.0
4227311.0
2130159.0
2654448.0
2130159.0
3309807.0
3571951.0
3703023.0
3965167.0
4227312.0
2130159.0
2654447.0
3703023.0
4227311.0
2130159.0
2654447.0
3703024.0
4227311.0
2130159.0
2654447.0
3309807.0
3703024.0
3309806.0
2654448.0
3703022.0
3309808.0
2130159.0
2654447.0
2130160.0
1736942.0
3965168.0
3703022.0
3571952.0
4227312.0
2130158.0
2654448.0
2130158.0
3309808.0
3571950.0
3703024.0
3965168.0
4227310.0
2130160.0
2654446.0
3703024.0
4227311.0
2130159.0
2654448.0
3703022.0
4227312.0
2130158.0
2654448.0
3309807.0
3703023.0
3309807.0
2654447.0
3703024.0
3309807.0
