3702784.0
3440878.0
3309808.0
3440878.0
3834096.0
2785758.0
4096478.0
3834096.0
3703022.0
3834096.0
4358383.0
2785758.0
4489695.0
4358382.0
4227312.0
4358383.0
5275887.0
5013743.0
4882671.0
5013744.0
5275887.0
5013743.0
4882671.0
5013743.0
5406959.0
2785758.0
5013983.0
5407198.0
5276127.0
5013982.0
4751838.0
5013982.0
5276126.0
5013983.0
4751839.0
5013982.0
5276126.0
5013982.0
4751838.0
4620766.0
4358623.0
3703743.0
3440878.0
3309808.0
3440880.0
3834094.0
2785758.0
4096479.0
3834095.0
3703023.0
3834095.0
4358384.0
2785758.0
4489694.0
4358383.0
4227311.0
4358384.0
5275887.0
5013743.0
4882671.0
5013743.0
5275887.0
5013743.0
4882672.0
5013743.0
5406959.0
2785758.0
5013983.0
5407198.0
5276126.0
5013982.0
4751838.0
5013983.0
5276127.0
5013982.0
4751838.0
5013982.0
5276126.0
5013982.0
4751840.0
4620766.0
4358622.0
4359102.0
4489694.0
4751839.0
4751839.0
5013982.0
4751599.0
4489455.0
4358383.0
4096239.0
3178974.0
4358623.0
4489694.0
4751838.0
4751839.0
5013982.0
4751599.0
4489455.0
4358383.0
4096240.0
3834814.0
4096478.0
4358623.0
4358622.0
4489695.0
4358382.0
4096240.0
3834095.0
3703023.0
2785758.0
3834334.0
4096478.0
4358624.0
4358622.0
4489694.0
4358383.0
4096239.0
3834096.0
3703022.0
3703744.0
3440878.0
3309808.0
3440878.0
3834096.0
2785758.0
4096478.0
3834096.0
3703023.0
3834095.0
4358383.0
2785758.0
4489695.0
4358383.0
4227311.0
4358383.0
5275887.0
5013743.0
4882672.0
5013743.0
5275887.0
5013743.0
4882671.0
5013743.0
5406959.0
2654686.0
5013983.0
5276127.0
5407198.0
5276126.0
5013982.0
4882910.0
5013982.0
4358624.0
4489694.0
4096478.0
3834334.0
1868254.0
3834334.0
3703024.0
3440879.0
3703023.0
3440879.0
5014463.0
5276126.0
5538270.0
1868255.0
5013982.0
5276126.0
5538271.0
5276126.0
5013982.0
4882911.0
4620766.0
4882910.0
5013982.0
5276127.0
4882910.0
4358623.0
5013982.0
5276126.0
5538270.0
1868254.0
5013982.0
5276128.0
5538270.0
5276126.0
5013982.0
4882910.0
4620766.0
5276127.0
4882911.0
4358622.0
5013982.0
5538750.0
5669104.0
5538031.0
5275887.0
5013743.0
5275887.0
5013744.0
4882671.0
4620527.0
5013743.0
4882671.0
4620527.0
4489455.0
4620527.0
4882672.0
4489455.0
3965167.0
4227311.0
4489455.0
3965168.0
4620526.0
4489456.0
4620527.0
4882671.0
5013743.0
4882671.0
5013744.0
5275886.0
5538032.0
5406959.0
5538031.0
5406960.0
5538030.0
5669104.0
5538030.0
5275888.0
5013742.0
5275888.0
5013744.0
4882670.0
4620528.0
5013742.0
4882672.0
4620527.0
4358383.0
4620528.0
4882670.0
4358384.0
3965166.0
4227312.0
4358383.0
3965167.0
4227312.0
4358382.0
4620528.0
4227311.0
3834095.0
3965167.0
4227311.0
3834096.0
3965166.0
5538751.0
5669103.0
5538032.0
5275887.0
5013743.0
5275887.0
5013743.0
4882671.0
4620527.0
5013744.0
4882671.0
4620527.0
4489455.0
4620527.0
4882671.0
4489456.0
3965166.0
4227312.0
4489455.0
3965167.0
4620527.0
4489455.0
4620528.0
4882670.0
5013744.0
4882671.0
5013743.0
5275888.0
5538030.0
5406960.0
5538030.0
5406960.0
5538031.0
5669103.0
5538032.0
5275886.0
5013744.0
5275886.0
5013744.0
4882672.0
4620526.0
5013744.0
4882670.0
4620528.0
4358382.0
4620528.0
4882671.0
4358383.0
3965168.0
4227310.0
4358384.0
3965167.0
4227311.0
4358383.0
4620527.0
4227312.0
3834094.0
3965168.0
4227311.0
3834095.0
3965167.0
4359103.0
4096239.0
3965167.0
3703023.0
3440880.0
3703023.0
3965167.0
4096239.0
4358383.0
4620527.0
4882671.0
5013744.0
5013743.0
4882671.0
4620527.0
4358383.0
4358384.0
4096238.0
3965168.0
3703022.0
3440880.0
3703023.0
3965167.0
4096240.0
4358382.0
4620528.0
4882670.0
5013744.0
5144816.0
5276126.0
4358622.0
4096238.0
3965168.0
3703024.0
3440878.0
3703024.0
3965166.0
4096240.0
4358383.0
4620527.0
4882672.0
5013742.0
5013744.0
4882670.0
4620528.0
4358383.0
4358383.0
4096239.0
3965167.0
3703024.0
3965167.0
4358383.0
3440879.0
3965167.0
3703023.0
4096239.0
3309808.0
3703023.0
3440879.0
1868254.0
3441119.0
5013743.0
3703023.0
5275887.0
3965167.0
5538031.0
1868015.0
3441118.0
5013744.0
3703023.0
5275887.0
3965168.0
5538030.0
3703024.0
5275886.0
3440880.0
5013743.0
3309807.0
4882672.0
3047662.0
4620528.0
3309806.0
4882672.0
3440880.0
5013742.0
3703024.0
5275886.0
3309808.0
4882670.0
2785520.0
4358384.0
3440878.0
5013744.0
3703022.0
5275888.0
3965167.0
5538031.0
1868015.0
3441119.0
5013742.0
3703024.0
5275887.0
3965167.0
5538031.0
3703023.0
5275888.0
3440879.0
5013743.0
3309807.0
4882671.0
3047663.0
4620527.0
3703024.0
5275887.0
3309807.0
4882671.0
2785519.0
4358383.0
5013744.0
1868254.0
5538270.0
5538270.0
5538270.0
1868255.0
1868255.0
1868254.0
5538270.0
1868254.0
1868254.0
1868254.0
5669344.0
5538030.0
5275888.0
5538030.0
5669104.0
5538030.0
5275888.0
5538031.0
5669103.0
950750.0
950751.0
950750.0
5538271.0
1868254.0
1868254.0
1868254.0
5538271.0
5538270.0
5538270.0
5538270.0
5013983.0
2785519.0
5013743.0
2785519.0
5538032.0
2785518.0
5538032.0
2785519.0
5538031.0
2785519.0
2392303.0
2785520.0
1868014.0
2785520.0
2392303.0
2785519.0
5538032.0
2785518.0
2392304.0
2785518.0
1868016.0
2785518.0
2392304.0
2785520.0
5669102.0
5538032.0
5275886.0
5538032.0
5669103.0
5538031.0
5275888.0
5538030.0
5669104.0
3047662.0
2523376.0
3047663.0
1868015.0
3047664.0
5669102.0
3047664.0
5538031.0
2785519.0
5538031.0
2785519.0
5538032.0
2785518.0
5538032.0
2785519.0
5275887.0
2785519.0
2130159.0
2785519.0
1212656.0
2785519.0
5275887.0
2785519.0
5013743.0
1868254.0
1868255.0
5538270.0
5013983.0
1868254.0
1868254.0
5538270.0
5013982.0
5538270.0
5013984.0
5931486.0
5013982.0
5014462.0
5014464.0
