4358144.0
4358622.0
4489694.0
4751838.0
4751838.0
4489694.0
4358623.0
4096478.0
3834335.0
3834334.0
4096478.0
4358622.0
4358623.0
4096719.0
4096239.0
4359103.0
4358622.0
4489695.0
4751838.0
4751838.0
4489694.0
4358623.0
4096478.0
3834335.0
3834334.0
4096478.0
4358622.0
4096478.0
3834576.0
3834096.0
4096958.0
1868016.0
4096238.0
4358622.0
3834335.0
4096479.0
950510.0
4358384.0
4489454.0
4358384.0
3834334.0
4096478.0
1868016.0
4358383.0
4489455.0
4358383.0
4096479.0
3834334.0
1212655.0
4096239.0
2261231.0
3178735.0
1606111.0
4358622.0
1605871.0
4358383.0
2785519.0
4489455.0
4751839.0
4751838.0
950511.0
4489456.0
2130158.0
4358384.0
4096478.0
3834334.0
1212656.0
3834094.0
2261232.0
4096238.0
4358624.0
4096478.0
950510.0
1605872.0
3834094.0
3834096.0
5931966.0
4751600.0
5931248.0
4751598.0
6062320.0
4751598.0
4751600.0
4751598.0
2261232.0
4751599.0
6062319.0
4751600.0
5931246.0
4751600.0
5669103.0
4751599.0
5406959.0
4751599.0
5406960.0
4751598.0
5669104.0
4751599.0
5931247.0
4751599.0
5931247.0
4751600.0
3834095.0
5669103.0
5669103.0
4751599.0
3834095.0
4096239.0
5931247.0
4751600.0
5931247.0
4751599.0
6062319.0
4751599.0
3834096.0
4751598.0
2785520.0
4751599.0
6062319.0
4751599.0
5931247.0
4751600.0
5669102.0
4751600.0
5406959.0
4751599.0
5406960.0
4751598.0
5669104.0
4751598.0
5931248.0
4751598.0
5669104.0
4751600.0
4096238.0
5406960.0
5406958.0
3178736.0
2785519.0
2261231.0
5669104.0
4751598.0
5669104.0
4751598.0
5931248.0
4751599.0
5406959.0
4751600.0
5669102.0
4751600.0
5931247.0
6062319.0
5931247.0
4751599.0
5406960.0
4751598.0
5669104.0
4751599.0
5931247.0
6062319.0
5931247.0
4751599.0
5669104.0
4751599.0
5406959.0
4751599.0
5669103.0
4096239.0
4751599.0
4096240.0
3702903.0
3440760.0
3178735.0
5931247.0
4751599.0
4358384.0
3178734.0
6062320.0
4751599.0
4358383.0
4751599.0
2261231.0
4751600.0
6062318.0
4751600.0
5931246.0
4751600.0
5669104.0
4751598.0
5406960.0
4751598.0
5406960.0
4751598.0
5669104.0
4751600.0
5931246.0
4751600.0
5669102.0
4751600.0
2523375.0
5406959.0
5406960.0
5014462.0
2261231.0
5013743.0
2261232.0
5144814.0
2261232.0
5406959.0
2261231.0
5406959.0
2261231.0
5144816.0
2261231.0
5013743.0
2261231.0
4751599.0
2261231.0
4489455.0
2523376.0
4489455.0
2523375.0
4751599.0
2261231.0
5013743.0
2261232.0
5013742.0
2261232.0
1868015.0
4751599.0
4751599.0
2261231.0
1605872.0
2261230.0
5013744.0
2261231.0
5013743.0
2261232.0
5144814.0
2261232.0
5406958.0
2261232.0
5406959.0
2261231.0
5144816.0
2261230.0
5013744.0
2261230.0
4751600.0
2261232.0
4489454.0
2261232.0
4489454.0
2261232.0
4751598.0
2261232.0
5013743.0
2261231.0
4751600.0
2261230.0
1999088.0
4489455.0
4489455.0
2261231.0
1868015.0
1343728.0
4751598.0
1605872.0
4751599.0
1605871.0
5013743.0
1605871.0
4489456.0
1605871.0
4751599.0
1605871.0
5013743.0
5144815.0
5013743.0
1605871.0
4489456.0
1605871.0
4751599.0
2523375.0
5013743.0
5144816.0
5013742.0
2261232.0
4751599.0
2392303.0
4489455.0
2523375.0
4751600.0
1605870.0
3834096.0
2261231.0
5013743.0
2261232.0
1343726.0
2261232.0
5013742.0
2261232.0
5144814.0
2261232.0
5406960.0
2261230.0
5406960.0
1999086.0
5144816.0
1999087.0
5013743.0
1999088.0
4751598.0
1999088.0
4489454.0
1868016.0
4489455.0
1868015.0
4751600.0
1868014.0
5013744.0
1868015.0
4751599.0
1605871.0
2785519.0
4489456.0
4489454.0
