1081344.0
2261470.0
2654446.0
3309808.0
3834094.0
3309808.0
2654447.0
2261231.0
2654448.0
3309806.0
3834096.0
3309807.0
2654447.0
2261231.0
2785519.0
3571952.0
3834094.0
3571952.0
2785519.0
2261231.0
2785519.0
3571951.0
3834096.0
3571951.0
2785519.0
2261231.0
2654447.0
3440879.0
3834095.0
3440879.0
2654448.0
2392303.0
2654447.0
3440879.0
3834095.0
3440880.0
2654446.0
2261232.0
2523375.0
3309807.0
3834095.0
3309807.0
2523376.0
1343726.0
2523376.0
3309807.0
3834095.0
3309808.0
2523374.0
1343728.0
2392302.0
2654448.0
3834094.0
2654448.0
2392304.0
2261230.0
2392304.0
2654446.0
3178736.0
2654447.0
2392303.0
1736944.0
2261230.0
2654448.0
3309806.0
2654448.0
2261231.0
1737183.0
2261230.0
3309808.0
2654447.0
1736943.0
2261231.0
2654447.0
3309808.0
3834094.0
3309808.0
2654447.0
2261231.0
2654447.0
3309807.0
3834095.0
3309808.0
2654447.0
2261231.0
2785519.0
3571951.0
3834095.0
3571951.0
2785520.0
2785758.0
3571951.0
3834095.0
3571952.0
2785518.0
2261232.0
2654447.0
3440879.0
3834095.0
3440879.0
2654448.0
2392302.0
2654448.0
2916590.0
3834096.0
3440880.0
2654446.0
2916592.0
2523374.0
3309808.0
4489454.0
3834096.0
3309808.0
1737182.0
1999086.0
2916592.0
2523375.0
1999087.0
1343728.0
1999086.0
2392304.0
3178734.0
2654448.0
2392303.0
2261231.0
2392304.0
2654446.0
3178736.0
2654447.0
2392303.0
1736943.0
2261231.0
2654447.0
3309807.0
2654448.0
2261231.0
2261470.0
3309807.0
2654447.0
2261232.0
1736943.0
1736943.0
2392303.0
3309807.0
2785519.0
2392303.0
1605872.0
1736943.0
2392303.0
3309807.0
2785519.0
2392304.0
1999086.0
2261232.0
2654446.0
3834096.0
3309807.0
2654447.0
2261232.0
2654686.0
3834094.0
3309808.0
2654448.0
2261230.0
2261232.0
2916590.0
3834096.0
3309806.0
2916592.0
2130160.0
2261230.0
2916592.0
3834094.0
3309808.0
2916591.0
2523375.0
2785520.0
3178734.0
3834096.0
4358382.0
3834096.0
3178735.0
2785519.0
3178735.0
3834095.0
4358384.0
3834095.0
3178735.0
2785519.0
3440879.0
3834095.0
4358383.0
3834096.0
3440879.0
2785519.0
3440879.0
3834095.0
4358383.0
3834096.0
3440879.0
2785519.0
3309807.0
3703023.0
4358383.0
3703023.0
3309808.0
2130158.0
2785520.0
3309807.0
3703023.0
3309808.0
2785518.0
2392304.0
2785518.0
3309808.0
3965167.0
3309807.0
2785520.0
1868014.0
2392304.0
2785518.0
3309808.0
2654448.0
2392302.0
1999088.0
2654446.0
3178736.0
3571950.0
3178736.0
2654448.0
2392302.0
2785520.0
3309806.0
3965168.0
3309807.0
3047663.0
1999087.0
2654447.0
3178736.0
3571950.0
3178736.0
2654447.0
2392303.0
2785519.0
3309807.0
3965168.0
3309807.0
2785519.0
1999087.0
2654447.0
3178735.0
3571951.0
3178736.0
2654447.0
2785519.0
3309807.0
3571951.0
4358383.0
4096240.0
3309806.0
4227312.0
2654447.0
3047663.0
3703023.0
3047663.0
2654448.0
4227310.0
2654448.0
3047663.0
3703023.0
3047664.0
2654446.0
4227312.0
2654446.0
3178736.0
3965167.0
3178735.0
2654448.0
2261230.0
2654448.0
3178734.0
3965168.0
4227312.0
2654446.0
4227312.0
2654446.0
3047664.0
3965166.0
4227312.0
2654447.0
4358383.0
2654448.0
3047662.0
3834096.0
4227311.0
2654447.0
4227311.0
2654447.0
2916592.0
3703022.0
2916592.0
2654447.0
3309807.0
2130159.0
2392303.0
2916592.0
3309807.0
2130159.0
3309807.0
2392303.0
3571951.0
3047663.0
3703023.0
2392304.0
4227311.0
2785519.0
3047663.0
3571951.0
3965168.0
2785518.0
3965168.0
2654447.0
3703023.0
2654447.0
3309807.0
2523376.0
3047662.0
2654448.0
2392303.0
2130159.0
1736944.0
3047662.0
4227312.0
2654446.0
3047664.0
3703022.0
3047664.0
2654448.0
4227310.0
2654448.0
3178734.0
3965168.0
3178735.0
2654447.0
4227312.0
2654446.0
3047664.0
3834094.0
3047664.0
2654447.0
164079.0
2654448.0
3047662.0
3965168.0
4227311.0
2654447.0
4227311.0
2785519.0
3178736.0
3834094.0
4358384.0
2785519.0
4227311.0
2785519.0
3178735.0
3834095.0
4358384.0
2785519.0
4489455.0
2916591.0
3440879.0
3834095.0
3440879.0
2916592.0
3441840.0
3441118.0
3703262.0
1868016.0
3834094.0
4358623.0
4096959.0
3834334.0
