2523136.0
2916410.0
3440698.0
1867896.0
2523376.0
3441118.0
2261470.0
2785338.0
3178556.0
1605751.0
2261231.0
2916591.0
2785519.0
2916830.0
688368.0
1343727.0
1605871.0
3178735.0
2261231.0
3440880.0
1868015.0
2261231.0
2916591.0
3440879.0
3834095.0
4096239.0
1343727.0
1999088.0
2523375.0
4096239.0
1343727.0
3178735.0
3833915.0
4358203.0
1605751.0
2785519.0
4096240.0
3834094.0
3178736.0
3440879.0
688367.0
1605872.0
1868014.0
2261232.0
2785518.0
2916592.0
2261470.0
3441118.0
3834096.0
4096238.0
1343728.0
1999088.0
2523374.0
4096240.0
1343726.0
3834096.0
1605870.0
2261232.0
1605872.0
3571950.0
1605872.0
3440878.0
1212656.0
1868015.0
3571951.0
3440879.0
3178735.0
2916592.0
1868014.0
2523376.0
1868015.0
2523375.0
2785519.0
2916591.0
950512.0
1605871.0
1999087.0
3440879.0
3178974.0
1212655.0
1868016.0
2916591.0
2785519.0
1343966.0
1867835.0
2523194.0
295032.0
1212656.0
1343726.0
1868016.0
2523375.0
2916591.0
3441118.0
4096478.0
4096478.0
4489276.0
5013562.0
1867896.0
2523375.0
1868015.0
5013744.0
1868014.0
3834096.0
4358202.0
4751420.0
1605750.0
2261232.0
4489455.0
4358383.0
1605872.0
4489454.0
688368.0
1605870.0
1868016.0
4751599.0
2916591.0
5013744.0
2261230.0
2916592.0
2261231.0
5013743.0
5406959.0
4489455.0
5144635.0
5668923.0
1343607.0
1999087.0
2523376.0
5669103.0
1343727.0
4751599.0
5406779.0
5931066.0
1605752.0
2261231.0
5669103.0
5406959.0
4751600.0
5406959.0
688367.0
1605871.0
1868015.0
1343728.0
688366.0
3440880.0
1868014.0
2261232.0
2916591.0
5013743.0
5406960.0
4751598.0
5144636.0
5668922.0
1343608.0
1999086.0
2523376.0
5669102.0
1343728.0
5406960.0
1605870.0
2261232.0
1605870.0
5144816.0
1605871.0
3965167.0
4358203.0
5013563.0
1212536.0
1868014.0
5144816.0
5013742.0
4751600.0
4489455.0
1868015.0
2523375.0
1868015.0
4096240.0
4358383.0
3440879.0
4096058.0
4489275.0
950392.0
1343727.0
1868015.0
5013743.0
1868015.0
4751600.0
1212655.0
1868015.0
4358383.0
3834095.0
4096478.0
295152.0
1212655.0
1343727.0
1868015.0
2523375.0
2916592.0
3441118.0
3834334.0
2916830.0
3571771.0
4096059.0
1343608.0
2785518.0
2916592.0
3571950.0
4096240.0
4358384.0
1605870.0
2261232.0
2523374.0
2785520.0
2261230.0
4358384.0
1212656.0
3178734.0
3965168.0
4358382.0
4751600.0
4489455.0
1868015.0
2785519.0
2916591.0
3440880.0
4096238.0
2916592.0
3571770.0
4096059.0
950392.0
1605871.0
1999087.0
4096239.0
1605871.0
3834095.0
1212895.0
4096239.0
3834095.0
3178735.0
3571951.0
688368.0
3440879.0
2261231.0
2916591.0
688367.0
688606.0
3440880.0
1605871.0
3834095.0
1343727.0
2916591.0
3571771.0
4096059.0
1343608.0
1999086.0
2261232.0
2523374.0
2916592.0
4358383.0
1605871.0
2261232.0
1605870.0
2785520.0
1605870.0
3965168.0
1212656.0
1868014.0
2392304.0
4358382.0
3440880.0
4489454.0
1868016.0
2523375.0
2916591.0
3440880.0
2523374.0
2916592.0
950511.0
1605871.0
1999087.0
3440879.0
2261470.0
3178555.0
1212595.0
1868015.0
2785519.0
2261231.0
2523614.0
295151.0
1212656.0
1343727.0
1868015.0
2523375.0
4489455.0
5013563.0
5668923.0
