5275648.0
5406958.0
5669104.0
5669342.0
5669342.0
5669103.0
5669343.0
5931246.0
5669104.0
5406959.0
5276607.0
5406958.0
5669104.0
5669342.0
5276126.0
5013744.0
4751599.0
5013982.0
5277087.0
5013743.0
4751599.0
4751600.0
4751838.0
6194352.0
6193630.0
5669103.0
5932208.0
5669104.0
5406959.0
5406959.0
5669342.0
5931247.0
5669103.0
5669104.0
2787199.0
3179455.0
3702904.0
4358263.0
5931247.0
5275888.0
5669102.0
5931248.0
5669102.0
3047903.0
3702903.0
4096120.0
5931728.0
5931486.0
5669342.0
3178616.0
4751480.0
5013982.0
5275887.0
2524095.0
3178616.0
3702902.0
5013744.0
4751838.0
4751838.0
4751839.0
3178615.0
5013624.0
5276126.0
5275888.0
5013982.0
2785758.0
3440760.0
3833975.0
5013743.0
2392543.0
6194110.0
3178616.0
5931128.0
5669103.0
5669342.0
3048383.0
3440759.0
4096120.0
2524336.0
1868015.0
1474799.0
3703263.0
3834094.0
4096240.0
4096478.0
4096478.0
4096240.0
4096478.0
4358383.0
4096239.0
3834096.0
2785758.0
3703262.0
3834095.0
4096239.0
4096478.0
3703262.0
3440880.0
3178736.0
3441118.0
2655166.0
3703262.0
3440880.0
3178734.0
3178736.0
3178974.0
4751600.0
4751598.0
4621008.0
4751599.0
4620527.0
4096240.0
2523374.0
4359103.0
4096239.0
3834096.0
3834095.0
2261231.0
4096239.0
4358383.0
4096239.0
4096240.0
2524094.0
4752319.0
4751838.0
2130399.0
4358622.0
3703023.0
4096239.0
4358384.0
4096238.0
2130398.0
1475039.0
4358623.0
4358622.0
4096478.0
3178736.0
1212654.0
3440880.0
3703022.0
950750.0
1606112.0
3441118.0
3178974.0
3178974.0
3178974.0
3440880.0
1212654.0
3703024.0
3703023.0
3441118.0
1868255.0
4358622.0
4096478.0
1475038.0
3703024.0
3440879.0
2523375.0
3703023.0
3440879.0
3178735.0
2130399.0
2523614.0
2130398.0
2130399.0
2654446.0
3047664.0
3703023.0
3047663.0
3440880.0
3703022.0
4227312.0
4358382.0
4358384.0
4358383.0
4620527.0
4751600.0
4358622.0
4620766.0
4620528.0
4620526.0
4751600.0
5013742.0
4620766.0
4751840.0
4620526.0
4358384.0
4096238.0
2785520.0
4096239.0
3178735.0
3440879.0
3703023.0
1606110.0
2523615.0
1606110.0
3703263.0
4620766.0
4620527.0
4620527.0
3703262.0
5013983.0
5013982.0
4751838.0
4620528.0
1474798.0
4358623.0
1212894.0
2261471.0
1212894.0
2130398.0
2654448.0
3047662.0
3703024.0
3047662.0
3440880.0
3703023.0
4227311.0
4358384.0
4358382.0
4358384.0
4620526.0
4751600.0
4358622.0
4620766.0
4620528.0
4620526.0
4751600.0
5013743.0
4620767.0
5276126.0
1475038.0
2654686.0
5013982.0
4751839.0
1606110.0
2785759.0
4620766.0
4358622.0
4358622.0
4358623.0
4358383.0
1605871.0
4096478.0
4096478.0
3441119.0
3703023.0
1474799.0
3178975.0
1606110.0
2523614.0
1606110.0
2523614.0
