4358144.0
1212894.0
1606110.0
2261470.0
4751838.0
1212894.0
5669343.0
950750.0
1606111.0
2130398.0
1606110.0
950750.0
5407199.0
1212894.0
1606110.0
2261470.0
4751839.0
1212894.0
4489695.0
1343966.0
1868254.0
2916830.0
1868254.0
1343967.0
4358623.0
1212894.0
4358622.0
2261470.0
4358622.0
1212894.0
4358623.0
1212895.0
4489694.0
2261470.0
4751838.0
1212894.0
5013983.0
1343966.0
1868255.0
2261470.0
1868254.0
1343966.0
4751839.0
950750.0
1606110.0
2130398.0
1606111.0
950750.0
4358623.0
1212894.0
1606110.0
2261470.0
4751838.0
1212894.0
5669344.0
1606110.0
2130398.0
2523614.0
2130398.0
1606110.0
5407199.0
1212895.0
1606110.0
2261470.0
4751838.0
1212894.0
4489695.0
688606.0
1343966.0
1868255.0
1343966.0
688606.0
4358623.0
1212894.0
1606110.0
2261470.0
4751839.0
1212894.0
4751839.0
1606110.0
5013982.0
2523614.0
5276126.0
1606110.0
5407200.0
1212894.0
1606110.0
2261470.0
1606110.0
1212894.0
5407199.0
1212895.0
1606110.0
2261470.0
1606110.0
1212894.0
5669343.0
1606110.0
2130398.0
4751839.0
4751838.0
1606110.0
5276127.0
1606110.0
5013982.0
2523614.0
4751838.0
1606111.0
5931487.0
1212894.0
1606110.0
2261470.0
4751838.0
1212894.0
5407200.0
1212894.0
1606110.0
2261470.0
1606110.0
1212894.0
5013983.0
1212894.0
1606111.0
2261470.0
5407198.0
1212894.0
5669343.0
1606110.0
2130398.0
2523615.0
5407198.0
1606110.0
5276127.0
1606110.0
2130398.0
2523614.0
2130398.0
1606111.0
4751839.0
1606110.0
2130398.0
2523614.0
2130398.0
1606110.0
5931488.0
1212894.0
1606110.0
2261470.0
4751838.0
1212894.0
5669343.0
1606110.0
2130399.0
2523614.0
2130398.0
1606110.0
5407199.0
1212894.0
1606110.0
2261470.0
4751839.0
1212894.0
6062559.0
688606.0
1343966.0
1868254.0
1343966.0
688607.0
5931487.0
1212894.0
1606110.0
2261470.0
4751838.0
1212894.0
4751839.0
1606111.0
5013982.0
2523614.0
5276126.0
1606110.0
5407199.0
1212894.0
1606111.0
2261470.0
1606110.0
1212894.0
5407199.0
1212894.0
1606110.0
2261470.0
1606111.0
1212894.0
5931487.0
2261230.0
2785520.0
3178735.0
3834095.0
3178735.0
2785519.0
2261232.0
2785518.0
3178736.0
3834094.0
4358384.0
950512.0
2523374.0
3178736.0
3703022.0
4096240.0
3703022.0
3178736.0
2523376.0
3178734.0
3703024.0
4096238.0
4751600.0
688367.0
2261231.0
2785520.0
3178734.0
3834096.0
3178734.0
2785520.0
2261231.0
2785519.0
3178736.0
3834094.0
4358384.0
6062319.0
2916591.0
3440879.0
3834095.0
4489455.0
3834095.0
3440880.0
2916591.0
3440879.0
3834095.0
4489455.0
5013743.0
5931248.0
2261231.0
2785519.0
3178735.0
5931247.0
3178735.0
2785519.0
2261232.0
5931247.0
3178735.0
3834095.0
4358383.0
5931248.0
2261230.0
2785520.0
3178734.0
6062320.0
3178735.0
2785519.0
2261232.0
2785518.0
3178736.0
3834094.0
4358384.0
1343728.0
2916590.0
3440880.0
3834094.0
4489456.0
3834094.0
3440880.0
2916592.0
3440878.0
3834096.0
4489454.0
5013744.0
950511.0
2523375.0
3178736.0
3703022.0
4096240.0
3703022.0
3178736.0
2523375.0
3178735.0
3703023.0
4096239.0
4751600.0
5931247.0
2261231.0
2785519.0
3178735.0
3834095.0
3178735.0
2785520.0
2261231.0
2785519.0
3178735.0
3834095.0
4358383.0
950512.0
2523375.0
3178735.0
3703023.0
4096239.0
3703023.0
3178735.0
2523376.0
3178734.0
3703024.0
4096239.0
4751599.0
688368.0
2261230.0
2785520.0
3178734.0
3834096.0
3178735.0
2785519.0
2261232.0
2785518.0
3178736.0
3834094.0
4358384.0
6062320.0
2916590.0
3440880.0
3834094.0
4489456.0
3834094.0
3440880.0
2916592.0
3440878.0
3834096.0
4489454.0
5013744.0
5931247.0
2261231.0
2785519.0
3178735.0
3834096.0
3178734.0
2785520.0
2261231.0
2785519.0
3178735.0
3834095.0
4358384.0
688367.0
2261231.0
2785519.0
3178735.0
3834095.0
3178735.0
2785520.0
2261231.0
2785519.0
3178735.0
3834095.0
4358383.0
688368.0
2261230.0
2785520.0
3178735.0
3834095.0
3178735.0
2785519.0
2261232.0
2785518.0
3178736.0
3834095.0
4358383.0
688368.0
2261230.0
2785520.0
3178734.0
3834096.0
3178735.0
2785519.0
2261232.0
2785518.0
3178736.0
3834094.0
4358384.0
950512.0
2523374.0
3178736.0
3703022.0
4096240.0
3703022.0
3178736.0
2523375.0
3178735.0
3703024.0
4096238.0
4751600.0
950511.0
2523375.0
3178735.0
3703023.0
4096240.0
3703022.0
3178736.0
2523375.0
3178735.0
3703023.0
4096239.0
4751600.0
5931247.0
2261231.0
2785519.0
3178735.0
3834095.0
3178735.0
2785519.0
2261232.0
2785519.0
3178735.0
3834095.0
4358383.0
688368.0
2261230.0
2785520.0
3178735.0
3834095.0
3178735.0
2785519.0
2261232.0
2785518.0
3178736.0
3834095.0
4358383.0
3834096.0
3178734.0
2785520.0
2261230.0
2785520.0
3178734.0
3834096.0
3178736.0
2785518.0
2261232.0
3178734.0
4358384.0
950511.0
2523375.0
3178736.0
3703022.0
4096240.0
3703022.0
3178736.0
2523375.0
3178735.0
3703024.0
4096238.0
4751600.0
950511.0
2523375.0
3178735.0
3703023.0
4096240.0
3703022.0
3178736.0
2523375.0
3178735.0
3703023.0
4096239.0
4751599.0
4096240.0
3703023.0
3178735.0
2523375.0
3178735.0
3703023.0
4096239.0
3703024.0
3178735.0
2523375.0
3178735.0
4096239.0
5931248.0
2261230.0
2785520.0
3178735.0
3834095.0
3178735.0
2785519.0
2261232.0
2785518.0
3178736.0
3834094.0
4358384.0
950512.0
2523374.0
3178736.0
3703022.0
4096240.0
3703022.0
3178736.0
2523376.0
3178734.0
3703024.0
4096238.0
4751600.0
688367.0
2261231.0
2785520.0
3178734.0
3834096.0
3178734.0
2785520.0
2261231.0
2785519.0
3178736.0
3834094.0
4358384.0
6062319.0
2916591.0
3440879.0
3834095.0
4489455.0
3834095.0
3440880.0
2916591.0
3440879.0
3834095.0
4489455.0
5013743.0
5931248.0
2261231.0
2785519.0
3178735.0
3834095.0
3178735.0
2785519.0
2261232.0
2785519.0
3178735.0
3834095.0
4358383.0
688368.0
2261230.0
2785520.0
3178734.0
3834096.0
3178735.0
2785519.0
2261232.0
2785518.0
3178736.0
3834094.0
4358384.0
688368.0
2261230.0
2785520.0
3178734.0
3834096.0
3178734.0
2785520.0
2261232.0
2785518.0
3178736.0
3834094.0
4358384.0
5406959.0
