2392064.0
3309806.0
2654448.0
3309806.0
2785520.0
3309806.0
2654448.0
3309807.0
2392303.0
3309808.0
2654446.0
3309808.0
2785519.0
3309807.0
2654447.0
3309807.0
2392304.0
3309806.0
3965168.0
3965167.0
4358383.0
4358383.0
4882671.0
4882672.0
4620527.0
3047663.0
2654447.0
3047663.0
2130159.0
3047663.0
2654447.0
3047664.0
2130159.0
3703023.0
3703023.0
3703023.0
4227312.0
4227310.0
4620528.0
4227311.0
4358383.0
3309807.0
2654447.0
3309808.0
2785518.0
3309808.0
2654447.0
3309807.0
2392304.0
3309806.0
4358384.0
4358382.0
4882672.0
4882670.0
5275888.0
5275888.0
5538030.0
3965168.0
5538030.0
5275888.0
2785519.0
3703023.0
3309808.0
3703022.0
2130160.0
3309806.0
4358384.0
4358383.0
4882671.0
4882672.0
5275886.0
5275888.0
5538031.0
3965167.0
5538031.0
5275887.0
2785520.0
3703022.0
3309808.0
3703023.0
2130159.0
3309807.0
4358383.0
4358383.0
5538032.0
5538031.0
3703023.0
3965167.0
2785519.0
3965167.0
5538031.0
5800176.0
5931247.0
5931247.0
3703023.0
4358383.0
5800176.0
5538030.0
3440880.0
5275887.0
2785519.0
3309807.0
3047663.0
3309808.0
2130158.0
3309808.0
5538030.0
5275888.0
4882672.0
3309806.0
3047664.0
3309806.0
2392304.0
2785518.0
2654448.0
2785520.0
2392302.0
4358384.0
4358382.0
4358384.0
5275887.0
2654447.0
2392304.0
2654446.0
2130160.0
2654446.0
3703024.0
4227311.0
4358383.0
3965168.0
2654446.0
3309808.0
2785519.0
3309807.0
2654447.0
3309807.0
2392303.0
3965167.0
3965168.0
3965167.0
4358383.0
4358383.0
4882671.0
4358383.0
4620528.0
2654447.0
2392303.0
2654447.0
1474799.0
2654447.0
2392303.0
2654448.0
557295.0
3703023.0
3703023.0
3703023.0
4227312.0
4227310.0
4620528.0
4227310.0
4358384.0
2785519.0
2654447.0
2785520.0
1736942.0
2785520.0
2654446.0
2785520.0
819440.0
2785518.0
3965168.0
3965166.0
4358384.0
4358382.0
4882672.0
5275888.0
5538030.0
2392304.0
5538030.0
5275888.0
1737182.0
1474800.0
1736942.0
557296.0
1736942.0
4358384.0
4358383.0
4882671.0
4882671.0
5275887.0
5275888.0
5538031.0
2392303.0
5538031.0
5275887.0
1737182.0
1474800.0
1736943.0
557295.0
1736943.0
4358383.0
4358383.0
5538032.0
5538031.0
2130159.0
2392303.0
1212655.0
2392303.0
5538031.0
5800176.0
5931246.0
5931248.0
2130159.0
2785519.0
5800176.0
5931086.0
5800014.0
5537870.0
295152.0
5275886.0
1737182.0
1474800.0
1736944.0
557294.0
1736944.0
5538030.0
5275888.0
4882670.0
1736944.0
1474800.0
1736942.0
1212894.0
1081584.0
1212655.0
4358622.0
4358383.0
4358384.0
5275886.0
1081584.0
819439.0
1081583.0
1081822.0
2130160.0
4227311.0
4358383.0
3965167.0
1081583.0
1212655.0
2392303.0
1212656.0
1081583.0
1212655.0
819439.0
1736943.0
2654447.0
2785520.0
3965166.0
5931248.0
5931247.0
5931247.0
5800175.0
6193181.0
2654416.0
2392304.0
2654446.0
2654448.0
3047452.0
3702812.0
5800595.0
5931247.0
5538032.0
2392302.0
2654448.0
2785518.0
3309808.0
3965168.0
4227310.0
4358384.0
4882670.0
5538032.0
5800174.0
5538032.0
5799964.0
5931036.0
