1867776.0
2785398.0
3440760.0
3965048.0
4358264.0
3440758.0
3965048.0
4358264.0
4620408.0
3440760.0
4620406.0
5013624.0
4358264.0
3440760.0
3965047.0
4358263.0
4096120.0
3047544.0
3702904.0
4096119.0
3965047.0
2785400.0
3440760.0
3965048.0
3702903.0
2785399.0
3309688.0
3702904.0
3440759.0
1867895.0
2392184.0
2785400.0
3440760.0
2785399.0
3440759.0
3965048.0
4358264.0
3440759.0
3965048.0
4358263.0
4620408.0
3440760.0
4620407.0
5013624.0
4358263.0
3440760.0
3965048.0
4358263.0
4096120.0
3047543.0
3702904.0
4096119.0
3965048.0
2785399.0
3440760.0
3965048.0
3702903.0
2785400.0
3309687.0
3702904.0
3440759.0
2785400.0
4358264.0
3440759.0
4358264.0
2785399.0
3440760.0
4358264.0
4096119.0
2785400.0
3702903.0
4096120.0
3965048.0
2785399.0
3965047.0
4096120.0
3702904.0
2785399.0
3309688.0
3702903.0
4358264.0
2785400.0
3440759.0
4358263.0
4096120.0
2785400.0
3440760.0
4096119.0
3965047.0
3702904.0
3965048.0
4096120.0
3965047.0
4096119.0
4358264.0
3702904.0
3440760.0
2785398.0
3440760.0
3965048.0
4358264.0
3440759.0
3965047.0
4358264.0
4620408.0
3440760.0
4620406.0
5013624.0
4358264.0
3440760.0
3965048.0
4358262.0
4096120.0
3047544.0
3702904.0
4096120.0
3965046.0
2785400.0
3440760.0
3965048.0
3702903.0
2785399.0
3309688.0
3702904.0
3440760.0
3441118.0
4358264.0
5013622.0
5537912.0
5931128.0
5013624.0
5537911.0
5931127.0
6193272.0
5013624.0
6193272.0
5931246.0
5013624.0
5537912.0
5931127.0
5668984.0
4620407.0
5275768.0
5668984.0
5537911.0
4358263.0
5013624.0
5537912.0
5275768.0
4358263.0
4882551.0
5275768.0
5013624.0
3440759.0
3965048.0
4358263.0
5013624.0
4358264.0
5013623.0
5537912.0
5931127.0
5013624.0
5537911.0
5931128.0
6193272.0
5013623.0
6193272.0
5931247.0
5013623.0
5537912.0
5931128.0
5668983.0
4620408.0
5275767.0
5668984.0
5537911.0
4358264.0
5013624.0
5537911.0
5275768.0
4358263.0
4882552.0
5275768.0
5013623.0
4358263.0
5931128.0
5013624.0
5931128.0
5013623.0
4358263.0
5931128.0
5668984.0
4358263.0
5275768.0
5668983.0
5537912.0
4358264.0
5537911.0
5668983.0
5275768.0
4358264.0
4882552.0
5275767.0
5931127.0
4358264.0
5013624.0
5931128.0
5668982.0
4358264.0
5013624.0
5668984.0
5537912.0
5275766.0
5537912.0
5668984.0
5537912.0
5668983.0
5931127.0
5275768.0
5013624.0
4358264.0
5013622.0
5537912.0
5931128.0
5013624.0
5537912.0
5931126.0
6193272.0
5013624.0
6193272.0
5931246.0
5013624.0
5537912.0
5931128.0
5668983.0
4620407.0
5275768.0
5668984.0
5537912.0
4358262.0
5013624.0
5537912.0
5275768.0
4358263.0
4882551.0
5275768.0
5013624.0
