3178496.0
3834094.0
4096240.0
4227310.0
1605872.0
2654446.0
4096240.0
4227311.0
688367.0
1736944.0
4227550.0
4489455.0
4096239.0
3834095.0
4096239.0
426224.0
1605870.0
2523376.0
4096239.0
4227311.0
3834095.0
3571951.0
3834096.0
688367.0
1736943.0
3571951.0
3178735.0
950511.0
1605871.0
1868015.0
2130160.0
3178735.0
3834095.0
4096239.0
4227311.0
1605872.0
2654446.0
4096240.0
4227311.0
688367.0
1736943.0
3309807.0
4227312.0
4489454.0
4096240.0
3834095.0
4096239.0
426224.0
1605870.0
3178736.0
4096238.0
4227312.0
3834094.0
3571952.0
3834096.0
688366.0
1736944.0
3571950.0
3834096.0
1606110.0
2261232.0
2654446.0
4096240.0
4227310.0
5144816.0
5406959.0
1081583.0
2261232.0
5406958.0
5406960.0
5669103.0
5144815.0
4882671.0
5144815.0
3309808.0
2523374.0
2916592.0
2654447.0
4096239.0
4227311.0
4751599.0
4882671.0
688368.0
1736943.0
4882671.0
4882671.0
5144815.0
4751599.0
4489455.0
4751600.0
426223.0
4096239.0
2523375.0
3834095.0
4096240.0
4227310.0
5144816.0
5406959.0
1605871.0
2654447.0
5406959.0
5406960.0
5669102.0
5144816.0
5013742.0
5144816.0
950512.0
3309806.0
5144816.0
5144814.0
5406960.0
4882670.0
4751600.0
4882672.0
688366.0
1736944.0
688366.0
4882672.0
5144815.0
4751599.0
4489456.0
4751598.0
1343728.0
1736942.0
2261232.0
2130159.0
1605871.0
2261232.0
2523374.0
4227312.0
1605871.0
2654447.0
2523375.0
2654447.0
4096239.0
4751599.0
4751839.0
4489455.0
4096239.0
3834095.0
4096239.0
426224.0
1605871.0
2523375.0
4751599.0
4227311.0
3834095.0
3571951.0
3834096.0
688367.0
1736943.0
3571951.0
3834095.0
1605872.0
2261230.0
2523376.0
2654446.0
3178736.0
3834095.0
5406959.0
