3702784.0
3703262.0
3703262.0
3703262.0
3441118.0
3178974.0
3178975.0
3047902.0
2785759.0
2785758.0
3178974.0
3703262.0
4358623.0
4358622.0
4358622.0
4358622.0
4096479.0
3834334.0
3834335.0
3703262.0
3441118.0
3441118.0
3703262.0
3834335.0
3703263.0
3834334.0
3703262.0
4227550.0
3834334.0
3703262.0
3703263.0
3441119.0
3178974.0
3178974.0
3047902.0
2785758.0
3047903.0
3047902.0
3047903.0
3047902.0
3441118.0
3178974.0
2785759.0
3178974.0
3703262.0
4358622.0
3704224.0
2130159.0
1605871.0
3703023.0
2130159.0
1605872.0
3703022.0
2130160.0
1605871.0
3703023.0
2130159.0
1605871.0
3440880.0
2130158.0
1605872.0
3178734.0
2130160.0
1605872.0
3178734.0
2130160.0
1605870.0
3047664.0
2130158.0
1605872.0
2785520.0
2130158.0
1605872.0
2785518.0
2130160.0
1605871.0
3178735.0
2130160.0
1605870.0
3703024.0
2130158.0
1605872.0
4358383.0
3703023.0
3178736.0
4358382.0
3703024.0
3178735.0
4358383.0
3703023.0
3178735.0
4358383.0
3703023.0
3178736.0
4096239.0
3703023.0
3178735.0
3834095.0
3703023.0
3178736.0
3834095.0
2785519.0
2261231.0
3703023.0
2785519.0
2261231.0
3440880.0
2785519.0
2261231.0
3440879.0
2785519.0
2261232.0
3703022.0
2785520.0
2261230.0
3834096.0
2785519.0
2261231.0
3703024.0
3047662.0
2654448.0
3834094.0
3047664.0
2654448.0
3703022.0
3047664.0
2654446.0
4227312.0
3047662.0
2654448.0
3834096.0
3047662.0
2654448.0
3703022.0
3047664.0
2654447.0
3703023.0
2130160.0
1605870.0
3440880.0
2130158.0
1605872.0
3178735.0
2130159.0
1605871.0
3178735.0
2130160.0
1605871.0
3047663.0
2130159.0
1605871.0
2785519.0
2130159.0
1605872.0
3047663.0
2130159.0
1868015.0
3047663.0
2130159.0
1868016.0
3047663.0
2130159.0
1868015.0
3047663.0
2130159.0
1868015.0
3178736.0
2130158.0
1868016.0
3047663.0
2130159.0
1868016.0
2785518.0
2130160.0
1605870.0
2785520.0
2130159.0
1605871.0
2785520.0
2130158.0
1605872.0
2785518.0
5277808.0
3703022.0
3178736.0
5275886.0
3703024.0
3178736.0
5275886.0
3703024.0
3178734.0
5275888.0
3703023.0
3178735.0
5013744.0
3703022.0
3178736.0
4751598.0
3703024.0
3178735.0
4751599.0
3703024.0
3178734.0
4620528.0
3703023.0
3178735.0
4358383.0
3703023.0
3178735.0
4358383.0
3703024.0
3178735.0
4751599.0
3703023.0
3178735.0
5275887.0
3703024.0
3178735.0
5931247.0
5275887.0
4751599.0
5931247.0
5275887.0
4751600.0
5931247.0
5275887.0
4751599.0
5931247.0
5275888.0
4751598.0
5669104.0
5275886.0
4751600.0
5406959.0
5275887.0
4751600.0
5406958.0
4358384.0
3834094.0
5275888.0
4358384.0
3834094.0
5013744.0
4358382.0
3834096.0
5013742.0
4358384.0
3834096.0
5275886.0
4358384.0
3834094.0
5406960.0
4358383.0
3834095.0
5275888.0
4620526.0
4227312.0
5406958.0
4620528.0
4227311.0
5275887.0
4620527.0
4227311.0
5800176.0
4620527.0
4227311.0
5406959.0
4620527.0
4227311.0
5275887.0
4620528.0
4227311.0
5275887.0
3703023.0
3178735.0
5013743.0
3703024.0
3178735.0
4751599.0
3703023.0
3178735.0
4751599.0
3703023.0
3178736.0
4620526.0
3703024.0
3178735.0
4358383.0
3703024.0
3178734.0
4620528.0
3703022.0
3440880.0
4620527.0
3703023.0
3440880.0
4620526.0
3703024.0
3440878.0
4620528.0
3703024.0
3440878.0
4751600.0
3703022.0
3440880.0
4620526.0
3703024.0
3440880.0
4358382.0
3703024.0
3178734.0
4358384.0
3703023.0
3178735.0
4358383.0
3703023.0
3178736.0
4358382.0
4884592.0
3703022.0
3309808.0
4882671.0
3703023.0
3309807.0
4882671.0
3703023.0
3309808.0
4882671.0
3703023.0
3309807.0
4620527.0
3703023.0
3309807.0
4358384.0
3703023.0
3309807.0
4358383.0
3440879.0
3047664.0
4227310.0
3440880.0
3047663.0
4227311.0
3440879.0
3047663.0
4227312.0
3440878.0
3047664.0
4096238.0
3440880.0
3047664.0
4227310.0
3440880.0
3047662.0
5538032.0
4620526.0
4227312.0
5538032.0
4620526.0
4227312.0
5538030.0
4620528.0
4227311.0
5538031.0
4620528.0
4227310.0
5800176.0
4620526.0
4227312.0
5538031.0
4620527.0
4227312.0
5538030.0
4882672.0
4358383.0
5275887.0
4882671.0
4358383.0
5275887.0
4882671.0
4358384.0
5275887.0
4882671.0
4358383.0
5538031.0
4882671.0
4358384.0
5800175.0
4882671.0
4358383.0
5931247.0
4882671.0
4358383.0
5931248.0
4882671.0
4358383.0
5931247.0
4882671.0
4358384.0
5931246.0
4882672.0
4358382.0
5800176.0
4882671.0
4358383.0
5669104.0
4882670.0
4358384.0
5538030.0
4358384.0
3965168.0
5538030.0
4358384.0
3965166.0
5538032.0
4358382.0
3965168.0
5538032.0
4358382.0
3965168.0
5275886.0
4358384.0
3965167.0
5013743.0
4358384.0
3965166.0
4882672.0
4227310.0
3703024.0
4882671.0
4227311.0
3703023.0
4882671.0
4227312.0
3703023.0
4882671.0
4227311.0
3703023.0
5013743.0
4227311.0
3703024.0
4620527.0
4227311.0
3703023.0
4358383.0
3703023.0
3309808.0
4358383.0
3703023.0
3309807.0
4358383.0
3703023.0
3309807.0
4358384.0
