3178496.0
3834334.0
1606110.0
4096238.0
3834096.0
3703023.0
3440879.0
688606.0
3441119.0
4096478.0
1868255.0
4358382.0
4096240.0
3834095.0
3703023.0
3178974.0
3178975.0
4358622.0
1212894.0
4489455.0
4358383.0
4096240.0
3834095.0
3441118.0
3178975.0
3441118.0
4096478.0
3703262.0
3834334.0
1605872.0
2261231.0
2523375.0
4751600.0
3834334.0
4358202.0
4751418.0
5406780.0
1605932.0
5669102.0
5406960.0
5275888.0
5013742.0
688606.0
5013982.0
4096480.0
4489274.0
5013562.0
5668924.0
1868076.0
5931246.0
5669104.0
5406959.0
5275887.0
4751838.0
4751838.0
5931487.0
1212894.0
6062319.0
5931247.0
5669104.0
5406959.0
5013982.0
4751838.0
5013983.0
5669342.0
5276126.0
5407198.0
1605872.0
2261231.0
2523375.0
2785519.0
3178735.0
5406960.0
1605870.0
5406960.0
5407198.0
5276126.0
1212656.0
2785518.0
2785758.0
5407200.0
688366.0
5275888.0
5013982.0
4751838.0
1605872.0
3178734.0
5669342.0
5931487.0
1605871.0
5669104.0
5407198.0
4751838.0
5275706.0
5668923.0
950392.0
4751599.0
4751838.0
4751600.0
5013743.0
688367.0
5669103.0
5276126.0
5407198.0
2785759.0
3441118.0
4096479.0
1868014.0
2523376.0
4358383.0
4096239.0
3965167.0
3703023.0
950512.0
1605870.0
2130160.0
3703023.0
2392303.0
4358384.0
2130158.0
2785520.0
4620526.0
4358384.0
4096238.0
3965168.0
1212656.0
3440878.0
2392304.0
3440878.0
2785520.0
4620527.0
1474799.0
1999088.0
4751598.0
4620528.0
4358382.0
4096240.0
950511.0
3703023.0
2130160.0
3440878.0
2130160.0
3703023.0
1212655.0
4358383.0
2392303.0
3965168.0
2392302.0
4096240.0
1868015.0
2523375.0
2785519.0
5013743.0
3440879.0
4096240.0
4620346.0
5013563.0
5668923.0
1867834.0
2523376.0
5931247.0
5669103.0
5538031.0
5275887.0
950512.0
1605870.0
2130160.0
5275887.0
3178735.0
4358383.0
4751419.0
5275706.0
5931068.0
2129978.0
2785520.0
6193390.0
5931248.0
5669102.0
5538032.0
1212654.0
5013744.0
2392304.0
5013742.0
3440880.0
6193390.0
1474800.0
1999087.0
5931247.0
6193392.0
5931246.0
5669104.0
950510.0
5275888.0
2130159.0
5013743.0
3178736.0
5275886.0
1212656.0
5931247.0
2392303.0
5538031.0
3440879.0
5669103.0
1868015.0
2523376.0
2785519.0
3047663.0
3440879.0
5669103.0
1474799.0
5669104.0
2523375.0
5669103.0
1474799.0
5538031.0
1474799.0
2392303.0
3047664.0
2392303.0
1474799.0
5669103.0
950511.0
5538032.0
2523374.0
5275888.0
2523374.0
5013744.0
1212655.0
3440879.0
2392304.0
5931246.0
2392304.0
6193390.0
1868016.0
5931248.0
3047662.0
5669104.0
2523374.0
5013744.0
5537850.0
5931068.0
1212534.0
5013744.0
2392303.0
5013743.0
5013744.0
5275886.0
950512.0
5931247.0
2130159.0
5538031.0
2392303.0
5669104.0
1868254.0
3047902.0
