3178496.0
4358382.0
4096240.0
3834094.0
3178736.0
4358382.0
4096240.0
3834095.0
3178735.0
4489456.0
4489454.0
4358384.0
4489455.0
2523375.0
2523375.0
3178975.0
4489454.0
4358384.0
4096239.0
3178735.0
4489455.0
4358383.0
4096240.0
3178735.0
4751599.0
4751599.0
4620527.0
4751599.0
3178735.0
3178735.0
5013983.0
5406959.0
5275887.0
5013743.0
4751600.0
5275886.0
5013744.0
4751599.0
4489455.0
4489455.0
5013743.0
4751480.0
4489336.0
4358382.0
2130160.0
2785519.0
5013983.0
5406958.0
5275888.0
5013742.0
4751600.0
5275886.0
5013744.0
4358384.0
4751598.0
4489456.0
4358382.0
4096240.0
3834095.0
1605871.0
2785520.0
4751838.0
4358264.0
4751478.0
5931128.0
4751480.0
5668984.0
4751479.0
5406839.0
4751480.0
4358264.0
4751480.0
5931127.0
4751479.0
5668984.0
4751480.0
5406839.0
4751480.0
5013623.0
5275768.0
5668984.0
6062199.0
6062319.0
5931128.0
6062200.0
2523374.0
2523376.0
4751838.0
4096120.0
4751479.0
6062200.0
4751479.0
5931128.0
4751479.0
5668984.0
4751480.0
4096119.0
4751480.0
6062199.0
4751480.0
5931127.0
4751480.0
5668984.0
4751479.0
4096120.0
4751479.0
1605871.0
2130160.0
6193271.0
1605752.0
3178735.0
3178735.0
6062680.0
1343607.0
1868016.0
2261231.0
5669223.0
950391.0
1605871.0
2130160.0
6062318.0
5668984.0
6062200.0
2916591.0
6062319.0
5931248.0
2130158.0
2785520.0
6062680.0
688248.0
1343726.0
1868016.0
5669222.0
950392.0
1605870.0
2130160.0
4751600.0
4489454.0
6062200.0
5931128.0
6062200.0
5931126.0
5668984.0
5406840.0
1605871.0
2785519.0
4358622.0
4358384.0
4358382.0
2785520.0
4358383.0
4358383.0
4358384.0
2785518.0
4358384.0
4751599.0
3834095.0
2785519.0
4096119.0
4358264.0
2785519.0
2785519.0
4489695.0
4489455.0
4489455.0
2916591.0
4489336.0
4489335.0
4358384.0
4358383.0
4358622.0
4096239.0
4096239.0
3834095.0
4096240.0
3178735.0
4751599.0
5931486.0
4358264.0
5931128.0
4751479.0
4358263.0
5931067.0
2785459.0
5931246.0
4751480.0
5406840.0
5931128.0
4358263.0
5931067.0
2785458.0
5931248.0
5406838.0
5931128.0
5406960.0
4751478.0
5406840.0
5668984.0
4358264.0
5931066.0
2785458.0
2785520.0
6062558.0
5013624.0
5668984.0
6062199.0
6062199.0
5013624.0
5668984.0
6062200.0
6062198.0
5013624.0
5406840.0
5931128.0
5931127.0
4751839.0
3178734.0
6062320.0
5669103.0
5406959.0
2785519.0
5406779.0
5931066.0
2785400.0
