3702784.0
3834094.0
3965168.0
4096238.0
4358384.0
4096238.0
2523376.0
3965406.0
4096240.0
4358382.0
4620528.0
5013743.0
4751599.0
2523375.0
5276127.0
5406958.0
5013744.0
5275887.0
4751599.0
5013743.0
4620527.0
4751600.0
4620527.0
1737182.0
4096239.0
3834095.0
2785758.0
5407199.0
5275887.0
5669103.0
5406959.0
5013744.0
2785758.0
5013982.0
4882671.0
5275887.0
5013744.0
4620526.0
3047903.0
4620767.0
4751598.0
4882672.0
5013742.0
5275888.0
5013742.0
4620528.0
4096240.0
4227310.0
4620528.0
4358382.0
3834096.0
3703023.0
2523615.0
3703262.0
3834094.0
3965168.0
4096239.0
4358383.0
4096240.0
2523374.0
3965407.0
4096239.0
4358383.0
4620527.0
5013744.0
4751598.0
2523376.0
4751838.0
5013743.0
5275887.0
4751599.0
5013744.0
4751599.0
5013743.0
5275887.0
5013743.0
2916830.0
4751600.0
5931247.0
2785758.0
5013983.0
4751598.0
4358384.0
3834095.0
3703023.0
3440879.0
3703023.0
3834096.0
4227310.0
4751600.0
4489454.0
4227312.0
4751600.0
4096478.0
4751838.0
5013742.0
5275888.0
4751600.0
5013742.0
5013982.0
4620767.0
4751599.0
5013744.0
4620526.0
4751600.0
4096719.0
4751599.0
4096478.0
5145536.0
950510.0
5144816.0
5406959.0
950511.0
5669103.0
5669103.0
950992.0
5013743.0
950750.0
4752319.0
426223.0
4751599.0
5013743.0
426224.0
5144815.0
5144815.0
426703.0
4489455.0
426463.0
688606.0
4227551.0
1605870.0
4227312.0
4489455.0
1605871.0
4751599.0
4751599.0
950992.0
4751599.0
5013743.0
5144816.0
4751598.0
5013744.0
5013982.0
1212656.0
4751598.0
5013744.0
5144814.0
4751600.0
5144814.0
5014464.0
5146014.0
950512.0
5144815.0
5406959.0
950512.0
5669102.0
5669104.0
950992.0
5013742.0
950750.0
4752320.0
426222.0
4751600.0
5013743.0
426223.0
5144815.0
5144815.0
426704.0
4489455.0
426462.0
688607.0
4227550.0
1605871.0
4227311.0
4489455.0
1605872.0
4751599.0
4751599.0
4752318.0
5013744.0
5144815.0
4751599.0
5013743.0
5013983.0
4620766.0
4751599.0
5013743.0
4620527.0
4751599.0
5276607.0
