4358144.0
5406958.0
2785520.0
3440878.0
4358384.0
5275886.0
2785520.0
3178735.0
4358383.0
5013744.0
2261230.0
4751600.0
4489455.0
4751599.0
2261231.0
2785519.0
3834096.0
4096238.0
4489456.0
5013743.0
5406959.0
5275887.0
4751599.0
4358384.0
4096239.0
4358383.0
2785519.0
3178735.0
3703023.0
3309807.0
3440879.0
3703024.0
4358383.0
5406959.0
2785519.0
3440879.0
4358384.0
5275886.0
2785520.0
3178735.0
4358383.0
5013743.0
2261231.0
4751600.0
4489454.0
4751600.0
2261231.0
2785519.0
4358384.0
4096238.0
4489456.0
5013742.0
5406960.0
5669102.0
5931248.0
5275888.0
4751598.0
5013744.0
2785518.0
2523376.0
2785519.0
2916591.0
2785520.0
2523374.0
2785520.0
3834094.0
1212656.0
1868015.0
2785519.0
3703024.0
1212654.0
1605872.0
2785519.0
3440879.0
688367.0
3178735.0
2916592.0
3178734.0
688368.0
1212655.0
2261231.0
2523375.0
2916591.0
3440879.0
3834096.0
3703023.0
3178735.0
2785519.0
2523375.0
2785519.0
1212655.0
1605872.0
2130159.0
1736943.0
1868015.0
2130159.0
2785520.0
3834094.0
1212656.0
1868015.0
2785519.0
2130159.0
2785339.0
3702842.0
1212536.0
1605872.0
2785518.0
3440880.0
688366.0
3178736.0
2916591.0
3178735.0
688368.0
1212654.0
2785520.0
2523374.0
2916592.0
3440880.0
3834094.0
4096240.0
4358382.0
3703024.0
3178734.0
3440880.0
3703023.0
3834095.0
4358384.0
5013742.0
3441360.0
3702904.0
3833976.0
3834094.0
3834096.0
3834095.0
3834095.0
3703023.0
3440879.0
3703023.0
3178735.0
557296.0
1212655.0
1605871.0
2130159.0
2917072.0
3178615.0
3440760.0
3440879.0
3440879.0
3440879.0
3440879.0
3178735.0
2916592.0
3178735.0
2785519.0
688367.0
1212655.0
1605872.0
2130158.0
2786000.0
2392304.0
2523374.0
2916592.0
3440878.0
2130160.0
2523194.0
3178556.0
557175.0
950511.0
2916592.0
2654446.0
2785520.0
3178734.0
3703024.0
4096238.0
3834096.0
3703024.0
3834094.0
3047664.0
3440698.0
4358203.0
1474679.0
1868016.0
4096239.0
4358263.0
3440760.0
3179216.0
3440760.0
2785398.0
1343728.0
1868015.0
2523375.0
2785400.0
1867896.0
1213435.0
1736763.0
2129978.0
2786780.0
3834096.0
1212655.0
1868015.0
2785519.0
3703023.0
1212655.0
1605871.0
2785520.0
3440879.0
688367.0
3178735.0
2916591.0
3178735.0
688368.0
1212655.0
2261231.0
2523375.0
2916591.0
3440879.0
3834095.0
3703024.0
3833914.0
3702843.0
3178615.0
2785520.0
2523375.0
2785519.0
1212655.0
1605871.0
2130160.0
1736942.0
1868016.0
2130158.0
4358384.0
5406960.0
1212654.0
1868016.0
4358382.0
3703024.0
4358202.0
5275708.0
1212534.0
1605872.0
4358384.0
3834094.0
5013563.0
688307.0
4751598.0
4489456.0
4751598.0
688368.0
1212655.0
4358383.0
4096240.0
4489454.0
5013744.0
5406959.0
5669103.0
5931247.0
5275887.0
4751599.0
5013743.0
1212656.0
1868015.0
2130159.0
2261231.0
2524095.0
5931247.0
5669103.0
5406959.0
5406960.0
5668922.0
5406779.0
5275767.0
5144816.0
5275887.0
4358383.0
4751418.0
5668924.0
5406839.0
5275887.0
5406960.0
5013742.0
5406779.0
6062739.0
5931247.0
3440879.0
3834096.0
5669102.0
5669104.0
5407440.0
5669102.0
3834096.0
4096238.0
4489456.0
5931246.0
3703024.0
4096240.0
5669102.0
3440880.0
4358202.0
4751419.0
5275707.0
5931066.0
