5406720.0
5406958.0
5013744.0
5406958.0
5669104.0
5407198.0
4751838.0
4751600.0
4358382.0
4751600.0
5013743.0
4751838.0
4751839.0
4751838.0
5013982.0
5276126.0
5407199.0
5407198.0
5407198.0
1344447.0
3441118.0
2261471.0
3441118.0
1343966.0
3441118.0
3440880.0
2261230.0
3441119.0
3834335.0
5407198.0
5406958.0
5406960.0
3834334.0
3834096.0
3834094.0
5145054.0
5145056.0
5013982.0
3834334.0
5406958.0
3834096.0
3834096.0
3834094.0
5406960.0
3834094.0
3834096.0
3834095.0
5669342.0
5407199.0
3441118.0
3834334.0
5407198.0
5406960.0
5406959.0
3834334.0
3834095.0
3834095.0
5145055.0
5145054.0
5013982.0
3834335.0
5406958.0
3834096.0
3965167.0
4096239.0
5669103.0
4096239.0
4358384.0
4489454.0
3441119.0
3441119.0
688606.0
3834334.0
5407198.0
5406960.0
5406958.0
3834334.0
3834096.0
3834096.0
5145054.0
5145054.0
5013982.0
3834334.0
5406960.0
3834094.0
3834096.0
3834095.0
5406959.0
3834095.0
3834095.0
3834096.0
5669342.0
5407198.0
3441118.0
3834335.0
5407198.0
5406959.0
5406959.0
3834334.0
3834096.0
3834095.0
5145054.0
5145055.0
5013982.0
3834334.0
5406959.0
3834095.0
3965168.0
4096238.0
5669104.0
4096239.0
4358383.0
4489456.0
3441118.0
3441118.0
4752318.0
2785758.0
5407200.0
2785758.0
5407198.0
5406959.0
5013743.0
5406960.0
5144814.0
5013982.0
4751839.0
2785758.0
5145055.0
2785758.0
5013982.0
5013743.0
4489455.0
4751600.0
5013743.0
2261470.0
4751838.0
2785759.0
5407198.0
2785758.0
5407199.0
5406958.0
5013744.0
5406959.0
5669103.0
5407198.0
4751838.0
4751600.0
4358383.0
4751599.0
5013744.0
5276126.0
5407198.0
3178974.0
3178736.0
1605870.0
3178974.0
3834336.0
5407198.0
5406958.0
5406960.0
3834334.0
3834095.0
3834095.0
5145054.0
5145055.0
5013982.0
3834335.0
4751838.0
4751599.0
4751599.0
4489694.0
4751600.0
5013743.0
4489455.0
5669103.0
5407198.0
3441118.0
3834335.0
5407198.0
5406959.0
5406960.0
3834334.0
3834095.0
3834095.0
5145054.0
5145054.0
5013983.0
3834335.0
5406958.0
3834096.0
3965166.0
4096240.0
5669104.0
4096238.0
4358384.0
4489454.0
3441118.0
3441119.0
688607.0
3834334.0
5407198.0
5406959.0
5406959.0
3834334.0
3834096.0
3834095.0
5145054.0
5145055.0
5013982.0
3834334.0
5406959.0
3834095.0
3834095.0
3834096.0
5406959.0
3834095.0
3834095.0
3834095.0
5406960.0
4096238.0
5669104.0
3834095.0
5406959.0
3440879.0
3834335.0
5407198.0
5406959.0
5406959.0
3834334.0
3834096.0
3834094.0
5145054.0
5145056.0
5013982.0
3834334.0
5406959.0
3834095.0
3965168.0
4096238.0
5669104.0
4096238.0
4358384.0
4489455.0
3441119.0
3441118.0
4358622.0
4358383.0
4489455.0
6062320.0
5406958.0
5013744.0
6062558.0
5406959.0
5013743.0
4489455.0
6063039.0
