4096000.0
4096478.0
4358382.0
4096240.0
3703262.0
3440879.0
4096239.0
4096478.0
4358384.0
4096239.0
3703262.0
3440879.0
4096240.0
4358382.0
4096240.0
3440879.0
4096239.0
4358383.0
4096239.0
3440880.0
3703023.0
1606110.0
3440879.0
3178735.0
3440879.0
3703023.0
4096479.0
4096478.0
4358383.0
4096240.0
3703262.0
3440879.0
4096239.0
4096478.0
4358384.0
4096238.0
3703263.0
3440879.0
4096240.0
4358382.0
4096240.0
3440878.0
4096240.0
4358382.0
4096240.0
3440880.0
3178734.0
3440880.0
3178734.0
2523376.0
3178735.0
4096479.0
3703262.0
3703262.0
4096239.0
3440879.0
3441118.0
4096240.0
3703023.0
3703262.0
4096239.0
3440880.0
3441118.0
4096239.0
3834095.0
4096239.0
3834095.0
3703023.0
3440880.0
3703023.0
3440879.0
3178735.0
3047663.0
3178735.0
3047663.0
3178736.0
3440879.0
4096239.0
3440879.0
3178735.0
3047664.0
3047902.0
3178735.0
3047663.0
3047902.0
3178736.0
3440878.0
3441118.0
4096240.0
3834096.0
1868254.0
3703022.0
3440880.0
3703022.0
4096240.0
4358384.0
3703022.0
3440880.0
3178734.0
2523376.0
3178735.0
4752319.0
951230.0
3441118.0
3440880.0
3178735.0
4096479.0
950750.0
3441118.0
3440879.0
3178735.0
4096478.0
4096479.0
1606110.0
950750.0
4358623.0
4751599.0
4096239.0
1606110.0
950751.0
4358622.0
4751838.0
5013982.0
4751600.0
4358382.0
3965407.0
4096479.0
950750.0
295390.0
950750.0
4096478.0
1606110.0
4358384.0
4751600.0
5013982.0
5538270.0
5668984.0
5013862.0
5013982.0
4751838.0
4358623.0
4751599.0
4358383.0
4096239.0
3965168.0
4096239.0
4358383.0
4096478.0
950750.0
295391.0
950750.0
4751838.0
1606111.0
4751838.0
1606110.0
4358383.0
4096240.0
1606110.0
4358383.0
4751599.0
5013982.0
4096478.0
4358384.0
4751599.0
5013743.0
4096240.0
4751598.0
4358384.0
4096238.0
3834096.0
1868254.0
1212894.0
3703262.0
3440880.0
4096240.0
4096478.0
950750.0
4358622.0
4751599.0
4096239.0
1606110.0
950751.0
3834334.0
3703023.0
3440880.0
3703023.0
3440879.0
3178735.0
3047663.0
3178735.0
3440879.0
3178975.0
1606110.0
950750.0
1606110.0
4096479.0
4096478.0
4358383.0
4096240.0
3703262.0
3440879.0
4096239.0
4096478.0
4358384.0
4096238.0
3703263.0
3440879.0
4096240.0
4358382.0
4096240.0
3440878.0
4096240.0
4358384.0
4096238.0
3440880.0
3703022.0
1606110.0
3440880.0
3178735.0
3440879.0
3703024.0
4096478.0
4096478.0
4358383.0
4096239.0
3703262.0
3440880.0
4096239.0
4096478.0
4358383.0
4096240.0
3703262.0
3440879.0
4096239.0
4358383.0
4096239.0
3440879.0
4096240.0
4358383.0
4096239.0
3440879.0
3178735.0
3440880.0
3178734.0
2523376.0
3178735.0
4096478.0
3703263.0
3703262.0
4096239.0
3440879.0
3441118.0
4096240.0
3703022.0
3703262.0
4096240.0
3440880.0
3441118.0
4096238.0
3834096.0
4096239.0
3834095.0
3703024.0
3440878.0
3703024.0
3440878.0
3178736.0
3047663.0
3178735.0
3047664.0
3178734.0
3440880.0
4096239.0
3440879.0
3178735.0
3047663.0
3047902.0
3178736.0
3047663.0
3047902.0
3178735.0
3440879.0
3441119.0
4096239.0
3834095.0
1868254.0
3703023.0
3440880.0
3703023.0
4096239.0
4358383.0
3703023.0
3440880.0
3178734.0
2523376.0
3178735.0
4752319.0
