3702784.0
3703022.0
3965048.0
3702904.0
4358382.0
3703024.0
3965166.0
3703024.0
5276126.0
5275888.0
5537911.0
5275767.0
5013744.0
4620527.0
5013743.0
4620527.0
3703263.0
3703022.0
3965048.0
3702904.0
4358383.0
3703023.0
3965167.0
3703023.0
4620767.0
4620527.0
5013623.0
4620408.0
4358383.0
4620527.0
4620766.0
3703263.0
3965406.0
4358623.0
3965406.0
3703262.0
3703023.0
3965047.0
3702904.0
3440880.0
3047662.0
2392304.0
2392303.0
3703263.0
3965406.0
4358622.0
3965406.0
3703262.0
3703024.0
3965048.0
3702902.0
3047664.0
3440879.0
4621247.0
4620526.0
5013624.0
3965048.0
4358384.0
4620526.0
4882491.0
4620347.0
4358744.0
4620527.0
4620527.0
5013624.0
3965047.0
4358383.0
4620528.0
4358382.0
4620528.0
4620766.0
4620527.0
5013624.0
3965047.0
4358384.0
4620527.0
4882490.0
4620347.0
4358744.0
4620527.0
4620527.0
5013624.0
3965048.0
4358383.0
4620527.0
4358383.0
4620527.0
4620767.0
819438.0
4358384.0
1868015.0
4620527.0
3047663.0
4358383.0
3703024.0
3965047.0
6193271.0
6193392.0
6193391.0
5931247.0
6193392.0
5931246.0
5538032.0
4620766.0
950511.0
4358383.0
1868016.0
4620526.0
3047664.0
4358382.0
4620528.0
6193392.0
6193390.0
6193392.0
5931246.0
6193392.0
5931246.0
6193392.0
3965167.0
3703023.0
3703024.0
3965047.0
3702903.0
3440880.0
3047663.0
3965647.0
3703024.0
3703023.0
3965047.0
3702904.0
3440879.0
3703023.0
3441360.0
3440879.0
3703262.0
3965407.0
4358622.0
6193630.0
6193391.0
5931128.0
5537911.0
5931247.0
6193392.0
2392303.0
2392303.0
5931247.0
6193391.0
6193392.0
5931127.0
5537911.0
5931248.0
6193391.0
2392783.0
3047664.0
3047662.0
3047664.0
2785519.0
3047663.0
2392304.0
2392302.0
2785520.0
3047662.0
3440880.0
3047664.0
2785518.0
3047664.0
2392302.0
2392304.0
2785518.0
3440880.0
1212656.0
3440878.0
3440880.0
3703022.0
3703024.0
3440879.0
3703023.0
5538032.0
5538030.0
5275768.0
5537912.0
5931246.0
5538032.0
5275887.0
5013743.0
4620527.0
3703023.0
3703024.0
3703023.0
3440879.0
3703023.0
3047663.0
3047663.0
3440879.0
3703024.0
3965167.0
3703023.0
3440879.0
3703023.0
3047663.0
3047664.0
3440879.0
3965167.0
3965167.0
3703023.0
3440879.0
3965167.0
2785758.0
4620767.0
4620527.0
5013624.0
4620408.0
4358382.0
4620528.0
2785758.0
3441118.0
1212656.0
1868014.0
2130160.0
2392302.0
2785520.0
3440880.0
3703022.0
3965168.0
1736942.0
2392304.0
2785518.0
3309808.0
2785520.0
3965166.0
4358384.0
4358382.0
2130160.0
2785519.0
3965167.0
3703023.0
3441119.0
5276126.0
5275887.0
5537911.0
5275768.0
5013743.0
5275887.0
3047664.0
3047663.0
3703262.0
1474799.0
2130159.0
3047663.0
3703024.0
3965406.0
4096478.0
557295.0
4358264.0
4096120.0
3965166.0
3703024.0
820158.0
4358384.0
4358383.0
3965167.0
3703023.0
3440879.0
2785758.0
3047664.0
3048144.0
3047902.0
3047662.0
4620767.0
819439.0
4358384.0
1868014.0
4620528.0
3047662.0
4358384.0
3703024.0
3965046.0
6193272.0
6193392.0
6193390.0
5931248.0
6193390.0
5931248.0
5538031.0
5931247.0
4620528.0
950510.0
4358384.0
1868015.0
4620527.0
3047663.0
4358383.0
4620528.0
6193390.0
6193392.0
6193391.0
5931247.0
6193391.0
5931247.0
5538032.0
3965167.0
3703023.0
1474799.0
3965047.0
3702904.0
3440879.0
3047663.0
3965648.0
3703023.0
557295.0
3965048.0
3702903.0
3440880.0
3703023.0
3441359.0
3440880.0
1868014.0
3703024.0
1868015.0
3965167.0
2130159.0
4358383.0
2130160.0
6193390.0
6193392.0
5931128.0
5537911.0
5931247.0
6193392.0
3047662.0
3047664.0
4620766.0
819438.0
4358384.0
1868016.0
4620526.0
3047664.0
4358382.0
3703024.0
3965048.0
6193271.0
6193391.0
6193392.0
5931246.0
6193392.0
5931246.0
5538032.0
5931247.0
4620527.0
950512.0
4358382.0
1868016.0
4620527.0
3047663.0
4358383.0
4620527.0
6193392.0
6193390.0
6193392.0
5931247.0
6193391.0
5931247.0
5538031.0
3965167.0
3703024.0
1474799.0
3965047.0
3702904.0
3440879.0
3047663.0
3965648.0
3703023.0
557295.0
3965048.0
3702903.0
3440879.0
3703024.0
3441359.0
3440879.0
1868016.0
3703022.0
1868016.0
3965167.0
2130159.0
4358383.0
2130159.0
6193392.0
6193390.0
5931128.0
5537912.0
5931246.0
6193392.0
5931248.0
6193390.0
3440880.0
3440878.0
3703262.0
3965408.0
4358622.0
4620766.0
3048144.0
3047902.0
6193390.0
