3702784.0
3703022.0
3440760.0
3178616.0
3440878.0
3703024.0
3440878.0
3703024.0
3441118.0
4096240.0
4096238.0
3047664.0
2785519.0
4359103.0
4358382.0
4620408.0
4358264.0
4096239.0
4358383.0
4358383.0
4620408.0
4358263.0
4096240.0
3703023.0
950511.0
3440760.0
3702903.0
4096239.0
4358383.0
4096239.0
4358384.0
4096478.0
4096239.0
4358264.0
4096119.0
3703023.0
3440880.0
3703023.0
4096239.0
3703023.0
3440879.0
4096239.0
4096239.0
3047664.0
2785518.0
2785759.0
3047543.0
3178616.0
3440760.0
3702904.0
3703022.0
3440760.0
3178616.0
3440878.0
3703024.0
3440879.0
3703023.0
3441118.0
4096240.0
4096238.0
3047664.0
2785520.0
4359102.0
4358383.0
4620407.0
4358264.0
4096240.0
4358382.0
4358384.0
4620408.0
4358262.0
4096240.0
3703023.0
2130159.0
3440760.0
3702904.0
4096238.0
4358384.0
4096239.0
4358383.0
4096478.0
4096240.0
4358263.0
4096119.0
3703024.0
3440879.0
3703023.0
4096239.0
3703023.0
3440879.0
4096240.0
4096239.0
3047663.0
2785519.0
2785758.0
3047544.0
3178615.0
3440760.0
3702904.0
2130159.0
3440759.0
3178616.0
3440879.0
3703023.0
3440880.0
3703022.0
3441119.0
4096239.0
4096239.0
3047663.0
2785520.0
3703262.0
4358264.0
4751478.0
5275768.0
4358264.0
5931128.0
5931128.0
6193270.0
5931128.0
5669104.0
4358382.0
5931128.0
5931128.0
6193272.0
5931126.0
5669104.0
3703024.0
5275766.0
5275768.0
5013624.0
5275768.0
5669102.0
5931248.0
6193272.0
5931127.0
5668983.0
5931128.0
4096478.0
5668984.0
5668984.0
5931127.0
5668983.0
5275888.0
5013743.0
5275887.0
5669104.0
5275886.0
5013744.0
5013743.0
5668983.0
5668984.0
4620527.0
4358383.0
3703023.0
3703023.0
5276127.0
2130159.0
5013624.0
4751479.0
5013743.0
5275887.0
5013744.0
5275887.0
5013982.0
5669103.0
5669103.0
4620527.0
4358384.0
4096119.0
4358264.0
4620407.0
4751480.0
5013624.0
5275767.0
5668983.0
5931128.0
4358264.0
5931128.0
6193271.0
5931127.0
4358264.0
5931128.0
5668983.0
5931127.0
4358264.0
5931128.0
6193272.0
5931127.0
4358263.0
5931128.0
5668984.0
5275768.0
5668983.0
5275767.0
5013624.0
5275768.0
5013624.0
5275766.0
5668984.0
5931128.0
6193272.0
5931128.0
5668982.0
5931128.0
4358264.0
5275768.0
5931126.0
5668984.0
4096120.0
5668984.0
5931128.0
5668982.0
4096120.0
5668984.0
5275768.0
5013624.0
4358262.0
5013624.0
5275768.0
5668984.0
4358263.0
5668983.0
5275768.0
5013624.0
3440760.0
5013623.0
5668983.0
5668984.0
4096120.0
5668984.0
4620406.0
4358264.0
4620408.0
4358264.0
4096119.0
4358263.0
4620408.0
4751480.0
5013624.0
5275767.0
3702903.0
5275768.0
5013624.0
4751479.0
4358264.0
4751479.0
5013624.0
5275768.0
3702903.0
5275768.0
5013623.0
5275768.0
5013982.0
4096120.0
5013623.0
5668984.0
5668983.0
4096120.0
3047544.0
4620407.0
4358264.0
4358622.0
4620408.0
4751479.0
5013624.0
5275767.0
5275888.0
5013623.0
4751480.0
5013743.0
5275887.0
5013743.0
5275887.0
5013983.0
5669102.0
5669104.0
4620527.0
4358383.0
5931486.0
