5931008.0
5931247.0
5668983.0
5406840.0
5931487.0
5931247.0
5668984.0
5406839.0
5931487.0
5931247.0
5668983.0
5406839.0
4751599.0
5013983.0
4751599.0
3440999.0
3178615.0
3440879.0
3178735.0
3440999.0
3178616.0
3440879.0
3178735.0
3703023.0
3440759.0
3178615.0
3703023.0
3440759.0
3178615.0
3703023.0
3440760.0
3178615.0
3703023.0
3440759.0
3178616.0
3440759.0
3702904.0
3440759.0
3178615.0
3440760.0
3702903.0
3440760.0
4751479.0
5013624.0
5275768.0
5013623.0
4751480.0
5013623.0
5275768.0
5013623.0
4751480.0
4751839.0
4751840.0
3179455.0
3178735.0
3440759.0
3178616.0
3178735.0
3440759.0
3833975.0
3834095.0
3440760.0
3833975.0
3834095.0
4096119.0
5931127.0
5931247.0
5668983.0
5931127.0
5931247.0
5668983.0
5931128.0
5931247.0
5668983.0
3833975.0
3834095.0
3440760.0
3178615.0
3178735.0
3440759.0
3178616.0
3178735.0
3440759.0
3833976.0
3834095.0
3440760.0
3833975.0
3834095.0
4096120.0
5931128.0
5931247.0
5668983.0
5931128.0
5931247.0
5668984.0
5931127.0
5931247.0
5668984.0
3833975.0
3834095.0
3440759.0
3178616.0
3178735.0
3440759.0
3833975.0
5406959.0
5668984.0
5931127.0
5931247.0
5668983.0
5406839.0
3834095.0
3440759.0
3178615.0
3178735.0
3440759.0
3833976.0
5406959.0
5668983.0
5931127.0
5931247.0
5668984.0
5406839.0
5276128.0
5406779.0
2785699.0
5276127.0
5406779.0
2785700.0
5407199.0
5013864.0
5406840.0
5013743.0
4751599.0
5406959.0
5013743.0
4751599.0
4358383.0
4751599.0
4096239.0
4358383.0
4751599.0
5013743.0
4358383.0
4358383.0
4096119.0
3833975.0
5931487.0
5931247.0
5668983.0
5406840.0
5668923.0
5406780.0
5668923.0
5406780.0
5668924.0
5406779.0
5668924.0
5406779.0
5668924.0
5406779.0
5668924.0
3834156.0
4358503.0
4096120.0
4358383.0
3178735.0
2261471.0
3834095.0
3440879.0
3178735.0
2785519.0
2523375.0
2785400.0
3178615.0
1606112.0
1605871.0
3834095.0
4358504.0
4096119.0
4358384.0
3178735.0
2261471.0
3834095.0
3440879.0
3178735.0
2785519.0
2523375.0
2261231.0
1606111.0
5407199.0
5931368.0
5668983.0
5931247.0
4751599.0
2261471.0
5406959.0
5013743.0
4751599.0
4358383.0
4096239.0
4358263.0
4751479.0
1606111.0
1605871.0
5406959.0
5931367.0
5668983.0
5931247.0
4751599.0
2261472.0
5406959.0
5013743.0
4751599.0
3834095.0
4096239.0
4358383.0
4096479.0
3834095.0
4096239.0
5931247.0
6193271.0
5931068.0
5668923.0
5931247.0
5669103.0
4358383.0
4620407.0
4358204.0
4096059.0
4358383.0
4096239.0
5931247.0
6193272.0
5931067.0
5668924.0
5931247.0
5669103.0
4358383.0
4620407.0
4358204.0
4096060.0
4358383.0
4096239.0
5931247.0
6193272.0
5931068.0
5668923.0
4358383.0
4620407.0
4358204.0
4096060.0
5931247.0
6193272.0
5931067.0
5668924.0
5931247.0
5669103.0
4358384.0
4620407.0
4358204.0
4096060.0
4358383.0
5669103.0
5931247.0
5669103.0
5931247.0
5669103.0
5931247.0
5669103.0
5931247.0
5669103.0
5669103.0
5931487.0
5669103.0
5931127.0
5668983.0
5406839.0
5668984.0
4358623.0
4096360.0
3833975.0
4358383.0
3178735.0
3178735.0
3440759.0
3833976.0
5931487.0
5931247.0
5668983.0
5406840.0
5668983.0
5931128.0
4751599.0
5013624.0
4751479.0
5013624.0
5406839.0
5014224.0
4751599.0
4358383.0
2785519.0
5013743.0
4751599.0
4358383.0
3178735.0
5013743.0
4751599.0
5013743.0
4751599.0
5013743.0
4751599.0
5013743.0
4751599.0
3440879.0
3178735.0
3440879.0
5144815.0
5406959.0
5144815.0
5406959.0
5144815.0
3834095.0
3571951.0
3834095.0
5538031.0
5800175.0
5538031.0
5800175.0
5538031.0
4227311.0
3965167.0
4227311.0
5931247.0
5931247.0
5668983.0
5406840.0
5931247.0
4751599.0
4751599.0
5013623.0
5406839.0
5931487.0
5931247.0
5668983.0
5406839.0
5668983.0
5931128.0
4751599.0
5013623.0
4751479.0
5013624.0
5406839.0
5014224.0
5275677.0
5013533.0
4751539.0
4358383.0
5013983.0
5275678.0
5013533.0
4751539.0
4358384.0
5013983.0
5275677.0
5013534.0
4751539.0
4358383.0
5013983.0
5275677.0
5013533.0
4751540.0
4358383.0
5013983.0
4751599.0
5013743.0
4751599.0
5013743.0
4751599.0
5013743.0
4751599.0
4751839.0
4751839.0
5407679.0
5668984.0
5931127.0
5669103.0
5931127.0
5668984.0
5406839.0
4751480.0
4751599.0
5407199.0
5013743.0
5406839.0
5013624.0
4751479.0
4358264.0
4751479.0
4096120.0
4358264.0
4751479.0
4751599.0
3834336.0
5406959.0
5668983.0
5931128.0
5669103.0
5931128.0
5668983.0
5406840.0
4751479.0
4751599.0
5407199.0
5013743.0
5406839.0
5013623.0
4751480.0
4358263.0
4751479.0
4096119.0
4358263.0
3833975.0
3834095.0
3834335.0
5931247.0
5931247.0
5668983.0
5406839.0
5406959.0
5013743.0
5406840.0
4751479.0
5013623.0
5406840.0
5406959.0
5931247.0
5931247.0
5668984.0
5406839.0
5406959.0
5013744.0
5406839.0
4751480.0
5013623.0
5406840.0
5406959.0
5931487.0
5668984.0
5406839.0
5406959.0
5931487.0
5668983.0
5406839.0
5406959.0
4358624.0
4096119.0
3833976.0
4751599.0
5013623.0
5406839.0
4358383.0
4096119.0
3833975.0
4751599.0
5013623.0
5406839.0
4358383.0
4096119.0
3833975.0
4096239.0
4358173.0
4096029.0
3834035.0
4096119.0
4358264.0
4096119.0
3833975.0
4096120.0
3833975.0
4096120.0
4227191.0
4489336.0
4751479.0
4489335.0
4227192.0
4489335.0
4227192.0
4489335.0
4620408.0
4882552.0
5144695.0
4882552.0
4620407.0
4882552.0
4620407.0
4882552.0
5013623.0
5013743.0
4751479.0
4489336.0
5013743.0
3834095.0
3834095.0
4096120.0
4489335.0
5013983.0
5013743.0
4751479.0
4489335.0
4751479.0
5013624.0
3834095.0
4096119.0
3833975.0
4096119.0
4489335.0
3440879.0
3178615.0
5406839.0
5013743.0
4751479.0
4489336.0
3834095.0
3571831.0
5800055.0
5406959.0
5144696.0
4882551.0
4227312.0
3965047.0
5275768.0
5275887.0
5275887.0
5275887.0
5275887.0
5275887.0
5275887.0
5275887.0
5406959.0
5668983.0
5931127.0
5669103.0
5931128.0
5668983.0
5406839.0
4751479.0
4751599.0
5407199.0
5013743.0
5406839.0
5013624.0
4751479.0
4358263.0
4751479.0
4096119.0
4358263.0
4751479.0
4751599.0
3834335.0
5406959.0
5668983.0
5931127.0
5669103.0
5931128.0
5668983.0
5406840.0
4751479.0
4751599.0
5407199.0
5013743.0
5406840.0
5013623.0
4751480.0
4358263.0
4751480.0
4096120.0
4358263.0
3833976.0
3834095.0
3834335.0
5931247.0
5931247.0
5668983.0
5406840.0
5406959.0
5013743.0
5406839.0
4751479.0
5013624.0
5406839.0
5406959.0
5931247.0
5931247.0
5668983.0
5406839.0
5406959.0
5013743.0
5406839.0
4751480.0
5013623.0
5406839.0
5406959.0
5931487.0
5668983.0
5406840.0
5668983.0
5931128.0
5668983.0
5406840.0
5668983.0
5931127.0
5668984.0
5406839.0
5668984.0
5931127.0
5668984.0
5406840.0
5669223.0
5406840.0
5668984.0
5406839.0
5668984.0
5406839.0
5669224.0
5406840.0
5668983.0
5406840.0
5668983.0
6062200.0
6062559.0
6062319.0
6062319.0
6062559.0
6062319.0
6062319.0
6062800.0
2917071.0
