5406720.0
4751598.0
5013744.0
5275886.0
5013624.0
4751480.0
950510.0
2523376.0
4489694.0
5013744.0
4751598.0
5013744.0
4751480.0
3833975.0
1212655.0
2261231.0
4096479.0
4489454.0
4358384.0
4489335.0
4358264.0
4096119.0
3440760.0
1343727.0
2261231.0
3703263.0
3833975.0
4096120.0
4489335.0
4358264.0
4096119.0
3833976.0
4096120.0
3833975.0
1605871.0
2785519.0
1605872.0
4096239.0
4358383.0
4096120.0
3833975.0
4096479.0
4358382.0
4096120.0
3178616.0
3178974.0
4751599.0
4751599.0
4096120.0
4489336.0
4358263.0
4096119.0
950512.0
1605871.0
2130159.0
3703024.0
3833974.0
4096120.0
4358264.0
3833976.0
2785518.0
3703024.0
3833976.0
4096118.0
4358264.0
3178616.0
2130160.0
3178734.0
4489456.0
4358382.0
4489336.0
4358264.0
4096120.0
3833975.0
1605871.0
2785520.0
1605870.0
4751600.0
5013742.0
4751480.0
4489336.0
3834095.0
4358383.0
4489336.0
4751480.0
5013623.0
4751479.0
4096479.0
5013743.0
4751599.0
5013623.0
4489336.0
5013624.0
4751480.0
950510.0
2523376.0
1605871.0
4358383.0
4489336.0
4358263.0
4096120.0
3833975.0
4358623.0
4489335.0
4358264.0
4096119.0
3178616.0
3178974.0
4489455.0
4358383.0
4489336.0
4358264.0
4096119.0
3833976.0
1605871.0
2261231.0
1605871.0
5013744.0
4751479.0
4489335.0
3833976.0
4489336.0
5013623.0
4751480.0
950391.0
1605752.0
2130040.0
2523255.0
3178615.0
3702904.0
4096120.0
3702904.0
3178615.0
5013623.0
4751480.0
4489336.0
3833976.0
4489334.0
5013624.0
4751480.0
950392.0
1605752.0
2130038.0
2523256.0
2916472.0
3178616.0
3702903.0
3178615.0
2523256.0
4358264.0
4096120.0
3833974.0
3178616.0
3833976.0
4358264.0
4096120.0
950390.0
1343608.0
1867896.0
2523256.0
2916472.0
3440758.0
2916472.0
2523256.0
1867896.0
4358263.0
4096119.0
3833976.0
3178616.0
3833976.0
4358262.0
3833976.0
1605752.0
2261112.0
2785399.0
3178615.0
3833976.0
4358264.0
3833976.0
3178615.0
2916471.0
5013624.0
4751480.0
4489336.0
3833975.0
4489335.0
5013624.0
4751480.0
950391.0
1605752.0
2130039.0
2523256.0
3178616.0
3702903.0
4096119.0
3702904.0
3178616.0
5013623.0
4751480.0
4489335.0
3833976.0
4489336.0
5013623.0
4751480.0
950391.0
1605752.0
2130040.0
2523255.0
2916472.0
3178615.0
3702904.0
3178615.0
2523256.0
4358264.0
4096119.0
3833976.0
3178615.0
3833976.0
4358263.0
4096120.0
950391.0
1343608.0
1867896.0
2523255.0
2916472.0
3440759.0
2916472.0
2523256.0
1867895.0
4358264.0
4096119.0
3833976.0
3178616.0
3833975.0
4358263.0
3833976.0
1605752.0
2261112.0
2785399.0
3178615.0
3833976.0
4358264.0
4751479.0
3833975.0
4358173.0
4751389.0
5406748.0
