4096000.0
1605870.0
1605752.0
1605752.0
4358382.0
4096240.0
4358382.0
4096240.0
4358383.0
4096239.0
1605872.0
1605751.0
1605751.0
4358384.0
4096239.0
4358383.0
4096239.0
4358383.0
4096240.0
4096119.0
4358263.0
4358264.0
4751480.0
4751479.0
4358264.0
4358263.0
4096120.0
4096120.0
3702903.0
3702904.0
3440759.0
3440760.0
3702904.0
3702903.0
3178616.0
2130159.0
950511.0
2130159.0
2130398.0
2523375.0
2785400.0
3178616.0
3440759.0
4096120.0
1605871.0
4096239.0
1605871.0
3703024.0
4096238.0
3703024.0
3440879.0
3178735.0
3440879.0
3703023.0
4096240.0
3440878.0
1868016.0
950511.0
1868015.0
4096240.0
1605870.0
4096240.0
4358382.0
4751600.0
1605870.0
5275888.0
1605872.0
5013742.0
5275888.0
5013742.0
4751600.0
4358383.0
1605871.0
688368.0
1605870.0
4358384.0
4751598.0
5013744.0
5275887.0
4751599.0
5013744.0
4751598.0
4358384.0
4096239.0
1868015.0
3703023.0
3440879.0
4096240.0
1868014.0
1868255.0
3703023.0
1605871.0
4096239.0
1605871.0
4358384.0
4751599.0
5013743.0
5275887.0
4096239.0
1868015.0
1868255.0
295151.0
950511.0
4096239.0
4358263.0
4751480.0
5013624.0
5668984.0
1605870.0
5669104.0
1605871.0
5275887.0
5669103.0
5275887.0
5013744.0
4751598.0
5013744.0
5275886.0
5669104.0
5013744.0
1868014.0
950512.0
1868014.0
5669104.0
1605870.0
5669104.0
5931248.0
1606110.0
950510.0
1605872.0
1606110.0
950512.0
1605870.0
5931248.0
1605870.0
688368.0
1605871.0
5931247.0
1605872.0
1606110.0
1606110.0
5931486.0
5669103.0
1868015.0
5275888.0
5013743.0
5669103.0
1868015.0
1868254.0
5275888.0
1605871.0
5669103.0
1605871.0
5931247.0
1868015.0
1868255.0
5669583.0
3178975.0
3179454.0
3178736.0
3440759.0
3702903.0
4096240.0
3178734.0
3703024.0
3440879.0
950511.0
3440880.0
3440878.0
3702904.0
4096120.0
4358382.0
4751600.0
5275888.0
5013742.0
1212656.0
5013742.0
5275888.0
5013742.0
5275768.0
5013624.0
4751480.0
4358264.0
4751598.0
4096240.0
950510.0
3834096.0
4358383.0
4751479.0
4096120.0
3834096.0
3703022.0
3440880.0
3703022.0
1212656.0
3178735.0
3178735.0
3440760.0
3702903.0
4096239.0
4751600.0
5275887.0
5013743.0
1868015.0
5013743.0
5275887.0
5013743.0
5275768.0
5013624.0
4751479.0
4358264.0
4751599.0
4096239.0
1605871.0
3703023.0
4096240.0
4751599.0
5275887.0
5013743.0
5275767.0
5013624.0
4751480.0
4358263.0
1605871.0
3834096.0
4358382.0
4751480.0
4096120.0
3703023.0
3440759.0
3178616.0
4096959.0
1605871.0
1605752.0
1605751.0
4358383.0
4096240.0
4358382.0
4096240.0
4358382.0
4096240.0
4096120.0
4358264.0
4358262.0
4751480.0
4751480.0
4358264.0
4358264.0
4096118.0
4096120.0
3702904.0
3702904.0
3440758.0
3440760.0
3702904.0
3702904.0
3178616.0
2130158.0
950512.0
2130158.0
2130399.0
2523375.0
2785400.0
3178616.0
3440759.0
4096119.0
1605872.0
4096238.0
1605872.0
3703023.0
4096239.0
3703024.0
3440878.0
3178736.0
3440879.0
3703023.0
4096239.0
3440879.0
1868015.0
950511.0
1868016.0
4096239.0
1605871.0
4096239.0
4358383.0
4751599.0
1605872.0
5275887.0
1605871.0
5013743.0
5275887.0
5013743.0
4751599.0
4358384.0
1605871.0
688367.0
1605871.0
4358383.0
4751600.0
5013742.0
5275888.0
4751598.0
5013744.0
4751599.0
4358383.0
4096240.0
1868014.0
3703024.0
3440878.0
4096240.0
1868016.0
1868254.0
3703022.0
1605872.0
4096238.0
1605872.0
4358384.0
4751598.0
5013744.0
5275886.0
4751600.0
5669342.0
3178974.0
