4227072.0
4227790.0
3834576.0
3571952.0
4227310.0
4489456.0
4751598.0
4489456.0
4489455.0
1999327.0
4227550.0
4227792.0
4227791.0
2261470.0
4227311.0
4751600.0
4489454.0
4227312.0
2261231.0
688367.0
4227550.0
4227792.0
3834576.0
3571951.0
4227311.0
4489455.0
4751599.0
4489455.0
4489455.0
1999327.0
4227550.0
4227792.0
4227791.0
2261471.0
4227310.0
4751600.0
4489455.0
4227311.0
3572190.0
3834096.0
4227310.0
4227312.0
3834095.0
3571951.0
4227312.0
3834334.0
688847.0
2523855.0
4228032.0
4227310.0
3834096.0
3571950.0
4227312.0
4489694.0
2261712.0
1605871.0
2261471.0
1605870.0
3571952.0
3834094.0
4227312.0
4227311.0
3834095.0
3571952.0
4227310.0
3834335.0
1082063.0
3572432.0
3178974.0
2654686.0
1606352.0
1606352.0
2261711.0
1605871.0
2261471.0
688367.0
3571951.0
3834095.0
4227311.0
3834335.0
3571951.0
4227311.0
3834334.0
688848.0
4227791.0
4227312.0
3834094.0
3571952.0
4227311.0
4227311.0
3834095.0
3571951.0
4227312.0
4489694.0
2261712.0
688366.0
2261470.0
3571952.0
3571952.0
3834094.0
4227312.0
4227310.0
3834096.0
3571950.0
4227312.0
3834334.0
1082064.0
3572432.0
3178974.0
3178735.0
2261231.0
688848.0
2654928.0
1606350.0
4751600.0
4751599.0
4882671.0
4751600.0
4489454.0
4227312.0
4227311.0
1082063.0
3834096.0
1081822.0
1082064.0
4751598.0
4751600.0
4882671.0
4751599.0
4489455.0
4227311.0
4227312.0
1606351.0
4489455.0
1606111.0
2261711.0
4751599.0
4751599.0
4882671.0
4751600.0
4489455.0
4227311.0
4227311.0
1082064.0
3834095.0
1081822.0
1082064.0
1999568.0
3571950.0
5144816.0
5144814.0
2261232.0
4751838.0
4751600.0
4489935.0
4489455.0
3311726.0
4227552.0
4489454.0
4489456.0
1999086.0
4489456.0
4751598.0
4489456.0
2654448.0
4227310.0
1736944.0
3571950.0
426224.0
4489455.0
1999087.0
4489456.0
4489694.0
4489454.0
4489456.0
4489455.0
4751599.0
2916591.0
4489455.0
4227312.0
4227311.0
3178735.0
2916591.0
2654447.0
4489455.0
4751599.0
4489456.0
4489694.0
1081583.0
4489455.0
4489455.0
4489456.0
4751599.0
4489455.0
2654447.0
4227311.0
1736943.0
3571951.0
426224.0
5144814.0
5144816.0
3834095.0
2654447.0
4751600.0
4751598.0
1343728.0
1605870.0
4489456.0
4489455.0
1081823.0
4751598.0
1999088.0
4489454.0
4227312.0
3834096.0
4227310.0
3309808.0
4227550.0
4489454.0
4489456.0
4489456.0
4489454.0
4751600.0
4489454.0
2654448.0
4227311.0
1736943.0
3571951.0
426223.0
4489456.0
1999086.0
4489456.0
4489694.0
1605871.0
4489455.0
4489456.0
4489455.0
4751599.0
4489455.0
2654447.0
4227311.0
3178735.0
2916592.0
2654447.0
4489455.0
4751599.0
4489455.0
4489695.0
3309806.0
4489456.0
4489694.0
4751599.0
4489455.0
4227312.0
4227310.0
3572191.0
5145055.0
5144814.0
3834096.0
4751838.0
4751599.0
2916591.0
4489694.0
4489456.0
4752080.0
4489694.0
4227310.0
3834096.0
4227310.0
1736944.0
4227792.0
3834576.0
3571950.0
4227312.0
4489454.0
4751600.0
4489455.0
4489455.0
1999326.0
4227550.0
4227792.0
4227792.0
2261470.0
4227311.0
4751599.0
4489456.0
4227311.0
2261231.0
688367.0
4227550.0
4227792.0
3834575.0
3571952.0
4227311.0
4489455.0
4751599.0
4489455.0
4489455.0
1999327.0
4227550.0
4227791.0
4227792.0
2261470.0
4227312.0
4751598.0
4489456.0
4227311.0
5800895.0
5800656.0
5407439.0
5144815.0
5800176.0
6062318.0
6062558.0
6062320.0
5800894.0
5800656.0
5800656.0
5800656.0
6062558.0
5800174.0
5800896.0
5800655.0
5407439.0
5144816.0
5800174.0
6062320.0
6062558.0
6062320.0
5800894.0
5800656.0
5800656.0
