3309568.0
3310046.0
3047662.0
2130160.0
2130158.0
3309808.0
3047663.0
2785519.0
2392304.0
2785518.0
3047664.0
2130398.0
3047663.0
2785519.0
3309808.0
3310046.0
2785758.0
295151.0
2392303.0
2785520.0
3178735.0
3047663.0
3047663.0
2785519.0
2130398.0
3309807.0
2130160.0
4882671.0
4882910.0
4620767.0
4620526.0
4620528.0
4358622.0
1868015.0
4358383.0
4620528.0
2130398.0
3047663.0
1081583.0
4882672.0
4882910.0
4620526.0
4358384.0
4358382.0
3965168.0
3703024.0
4751598.0
4620528.0
4358382.0
4358384.0
2130398.0
3309808.0
2130158.0
4882672.0
4882910.0
4620766.0
2130160.0
4620526.0
4358623.0
1868015.0
4358383.0
4620527.0
557296.0
2130158.0
3047664.0
1081583.0
4751599.0
4620527.0
3309807.0
4358383.0
295152.0
1212655.0
3965167.0
3703023.0
4751599.0
4620527.0
4358383.0
4358384.0
2130398.0
4358383.0
3965167.0
4358384.0
4358382.0
2785520.0
3965167.0
4358383.0
4358383.0
2785519.0
3965168.0
4358382.0
4358384.0
3047662.0
3965168.0
4358384.0
4358382.0
4358384.0
3965166.0
4358384.0
4358382.0
3309808.0
3965168.0
4358382.0
4358384.0
3309806.0
3965168.0
4620527.0
4751599.0
4620528.0
4358382.0
4358384.0
4358382.0
4620528.0
3965167.0
4358383.0
4358384.0
2785518.0
3965168.0
4358383.0
4358383.0
2785519.0
3965167.0
6193391.0
4751599.0
6193392.0
5931247.0
4358383.0
4358383.0
4358383.0
295151.0
4620528.0
4620766.0
4620766.0
4620766.0
4620767.0
3965167.0
4620527.0
4620527.0
557296.0
3703022.0
3965168.0
4358382.0
4882672.0
4882910.0
4620528.0
4620526.0
4620528.0
4620526.0
557296.0
4358384.0
1868014.0
4358384.0
4620526.0
2130398.0
3047664.0
557296.0
4882670.0
4882910.0
4620528.0
4358383.0
4358383.0
3965168.0
3703022.0
4751600.0
4620526.0
4358384.0
4358383.0
557534.0
2785519.0
557296.0
1212655.0
4358383.0
4751599.0
4358383.0
4096239.0
4358383.0
3440880.0
3178735.0
5144815.0
5013743.0
4751599.0
5275887.0
1475039.0
3047663.0
1474799.0
1212655.0
4358383.0
4882671.0
4358384.0
3965166.0
5013744.0
4751599.0
4620407.0
4358264.0
5275888.0
5013742.0
4882672.0
4358382.0
557535.0
2785519.0
4882910.0
4882672.0
3309806.0
4620528.0
557296.0
2130158.0
4620528.0
4358622.0
4358382.0
2785520.0
4620528.0
2130398.0
3047662.0
1081584.0
4882671.0
4751599.0
4620527.0
4358383.0
295152.0
1212654.0
3965168.0
3703023.0
4751599.0
4620527.0
2654447.0
1212656.0
4358383.0
2130159.0
4358383.0
3965167.0
4358383.0
4358383.0
2785520.0
3965167.0
4358383.0
4358383.0
2785519.0
3965167.0
4358384.0
4358382.0
3047664.0
3965167.0
4358383.0
4358383.0
4358383.0
3965168.0
4358382.0
4358384.0
3309807.0
3965167.0
4358384.0
4358382.0
3309808.0
3965166.0
4620528.0
4751599.0
4620527.0
4358384.0
4358382.0
4358384.0
3309806.0
3965168.0
4358384.0
4358382.0
2785520.0
3965166.0
4358384.0
4358382.0
2785520.0
3965167.0
6193391.0
4751600.0
6193390.0
5931248.0
4358383.0
4358383.0
4358383.0
295151.0
4620528.0
4620766.0
4620766.0
4620766.0
4620767.0
4620527.0
4620527.0
4620527.0
557295.0
3703023.0
3965167.0
4227312.0
4882671.0
4882910.0
4620767.0
4620526.0
4620528.0
4358622.0
1868015.0
4358383.0
4620528.0
2130398.0
3047663.0
1081583.0
4882672.0
4882910.0
4620526.0
4358384.0
4358382.0
3965168.0
3703024.0
4751598.0
4620528.0
4358382.0
4358384.0
557534.0
2785520.0
557294.0
2786000.0
