3571712.0
3834094.0
4096240.0
3834094.0
3571952.0
2523374.0
1605872.0
2654447.0
3571951.0
3834096.0
3571950.0
3834096.0
4096239.0
2523375.0
1343727.0
2261231.0
1343728.0
3834094.0
4096240.0
3834095.0
3571951.0
2523375.0
3571951.0
2654448.0
4489455.0
2654447.0
4096239.0
3834095.0
1343727.0
2523375.0
1343727.0
2261232.0
1343727.0
3834095.0
4096239.0
3834095.0
3571952.0
2523374.0
1605872.0
2654447.0
1605871.0
3834095.0
3571951.0
3834096.0
4096238.0
3834096.0
3571951.0
3834095.0
4096240.0
2261230.0
1343728.0
4751598.0
5144816.0
5144814.0
5406960.0
5144816.0
5013742.0
4751600.0
4489454.0
4751600.0
4489455.0
4096239.0
4489456.0
2261230.0
1343728.0
3571950.0
5144816.0
5144815.0
1605871.0
2523376.0
1605870.0
2654448.0
1605871.0
2654447.0
1605871.0
2523375.0
5144816.0
5144814.0
5144816.0
5013743.0
5144815.0
5406959.0
5144815.0
5013624.0
4751479.0
1605872.0
2523375.0
1605871.0
4751599.0
4489455.0
4227311.0
4096239.0
2523376.0
4227311.0
4489455.0
3834095.0
2261231.0
1343728.0
3571950.0
5144816.0
5144815.0
1605871.0
2523375.0
1605871.0
2654448.0
1605870.0
2654448.0
1605870.0
2523376.0
1343728.0
5144814.0
5013744.0
5013742.0
5144816.0
5406958.0
5144816.0
5013624.0
4751480.0
1605870.0
2523376.0
1605870.0
4751600.0
4489455.0
4227311.0
4096240.0
2523374.0
4227312.0
4489454.0
3834096.0
2261231.0
3571951.0
3834096.0
4096238.0
5144816.0
4096239.0
4227311.0
4227311.0
2261231.0
4227311.0
4489455.0
4096240.0
2523375.0
1343727.0
2523375.0
4096239.0
4096120.0
4096119.0
4227312.0
4489455.0
5669103.0
2654447.0
5144815.0
5144815.0
5144815.0
5144816.0
1343727.0
5144815.0
4751599.0
2523375.0
4489456.0
4489454.0
1343728.0
2523374.0
4489456.0
4489455.0
4489455.0
5144816.0
4227310.0
2654448.0
4227310.0
2261232.0
1343728.0
4489454.0
4227312.0
2523374.0
4096240.0
4096238.0
1343728.0
2523376.0
1605870.0
5669104.0
5669102.0
5668984.0
2654328.0
5406959.0
2654447.0
1605872.0
2654446.0
1605872.0
2654446.0
5144816.0
5013743.0
1343727.0
2261231.0
1343727.0
2261232.0
1343727.0
4489455.0
5144815.0
5144815.0
2523614.0
2654687.0
2654686.0
2523614.0
2523615.0
2261470.0
2261470.0
2523615.0
2523614.0
2654686.0
2654686.0
2523614.0
2523615.0
2261471.0
2261470.0
1999367.0
2523161.0
2916377.0
4096038.0
