4751360.0
4751598.0
3571952.0
4751598.0
5144816.0
4751838.0
4751599.0
4489455.0
4227312.0
4489454.0
4227312.0
4751599.0
2916830.0
4489695.0
4489454.0
2654448.0
4227311.0
4751599.0
4489694.0
4227312.0
4489455.0
4227311.0
4751599.0
3834334.0
2916830.0
4751839.0
4751599.0
3571951.0
4751599.0
5144816.0
5407198.0
4489694.0
4227311.0
4489455.0
4227312.0
4751598.0
2916831.0
4489695.0
4489454.0
2654448.0
4227310.0
4751600.0
4489694.0
4227312.0
4489454.0
4227312.0
4751598.0
3834335.0
2916831.0
5145054.0
4751838.0
1999087.0
4489455.0
1999088.0
5144814.0
1999088.0
4751599.0
4489694.0
1343727.0
4227312.0
1343726.0
4489456.0
1343727.0
1343727.0
3834334.0
2261231.0
1343728.0
2261231.0
3834095.0
2261231.0
426223.0
1343727.0
4751599.0
4489695.0
4227550.0
5145055.0
4751838.0
1999087.0
4489455.0
1999087.0
5144815.0
1999088.0
4751598.0
4489694.0
1343728.0
4227312.0
1343726.0
4489456.0
1343726.0
1343728.0
3834334.0
2261232.0
3834094.0
2261232.0
3834094.0
2261232.0
426223.0
2916831.0
2261470.0
2523614.0
5145054.0
4751838.0
1999088.0
4489455.0
1999087.0
5144815.0
1999087.0
4751599.0
4489695.0
1343727.0
4227311.0
1343727.0
4489455.0
1343727.0
1343728.0
3834334.0
2261231.0
1343727.0
2261231.0
3834095.0
2261232.0
426223.0
2916830.0
2261471.0
2523614.0
5145054.0
4751838.0
1999088.0
4489454.0
1999088.0
5144814.0
1999088.0
4751600.0
4489694.0
1343726.0
4227312.0
1343726.0
4489456.0
1343728.0
1343726.0
3834334.0
2261232.0
3834095.0
164559.0
3571952.0
3834334.0
4096478.0
4227550.0
1343967.0
3834334.0
1343967.0
4882910.0
4882671.0
4882671.0
4882910.0
4882911.0
4882671.0
4882671.0
5145054.0
4751838.0
1081823.0
4751838.0
4751839.0
4751598.0
4751600.0
4751599.0
3571951.0
4751599.0
4751599.0
4489694.0
4751600.0
4489454.0
4752320.0
4751598.0
4752080.0
4751838.0
4751600.0
3178734.0
4751600.0
4489456.0
4751598.0
4489456.0
4489694.0
2916830.0
1605872.0
1999086.0
2261232.0
5144814.0
4882911.0
4751839.0
4882670.0
4751600.0
3834334.0
4752319.0
4882671.0
4882671.0
4882671.0
4882671.0
4882671.0
4882672.0
4882671.0
4882671.0
4882671.0
4882671.0
4751839.0
1081822.0
4751838.0
688367.0
4751599.0
4751600.0
4751598.0
4751600.0
4751599.0
4751599.0
4751600.0
5406958.0
4489456.0
4227310.0
4227312.0
688606.0
4227550.0
4096478.0
4227312.0
3178736.0
4227310.0
4227312.0
4227310.0
4227312.0
4227310.0
4227312.0
4096478.0
3834096.0
1343726.0
3571952.0
3571951.0
1999326.0
2261231.0
3571952.0
1999326.0
3572190.0
3310046.0
3310527.0
5145054.0
3310047.0
4882910.0
4751838.0
4882671.0
4751600.0
2654686.0
4227550.0
5800414.0
3572671.0
4489695.0
6062318.0
5144816.0
6063038.0
4489694.0
5145055.0
4752799.0
5800414.0
4752320.0
4751598.0
1999088.0
4751598.0
5144816.0
4751838.0
4751600.0
4489454.0
4227312.0
4489454.0
4227312.0
4751599.0
2523615.0
6062558.0
4489455.0
2261231.0
4227311.0
4489455.0
4751600.0
4489454.0
4227312.0
4489455.0
4227311.0
4751599.0
5800414.0
1999327.0
4751838.0
4751599.0
1999087.0
4751599.0
5144816.0
5145054.0
5406959.0
4489455.0
4227312.0
4489454.0
4227312.0
4751599.0
2523614.0
6062559.0
4489454.0
2261232.0
4227310.0
4751600.0
4489694.0
4227312.0
4489454.0
4227312.0
4751598.0
5800416.0
1999326.0
5145054.0
4751838.0
1999088.0
4489454.0
1999088.0
5144814.0
1999088.0
4751599.0
4489695.0
1343726.0
4227312.0
1343727.0
4489455.0
1343727.0
1343727.0
3834334.0
2261232.0
1343727.0
2261231.0
3834095.0
2261231.0
1999087.0
4751839.0
4489694.0
4227550.0
5145055.0
4751838.0
1999087.0
4489455.0
1999088.0
5144814.0
1999088.0
4751598.0
4489695.0
1343727.0
4227312.0
1343726.0
4489456.0
1343726.0
1343728.0
3834334.0
2261232.0
3834094.0
164560.0
4227312.0
4751838.0
4227550.0
2523614.0
5145054.0
4751838.0
1999088.0
4489455.0
1999087.0
5144816.0
1999086.0
4751600.0
4489694.0
1343727.0
4227311.0
1343728.0
4489454.0
1343728.0
1343727.0
3834334.0
2261231.0
1343727.0
2261232.0
3834095.0
2261231.0
1999087.0
1343727.0
4751599.0
4489695.0
4227550.0
5145054.0
4751838.0
1999088.0
4489455.0
1999087.0
5144815.0
1999087.0
4751600.0
4489694.0
1343726.0
4227312.0
1343728.0
4489454.0
1343728.0
1343726.0
3310046.0
3310048.0
3310046.0
3572190.0
3572190.0
3834334.0
4096478.0
3178975.0
3179455.0
