3702784.0
3703022.0
3703262.0
3703024.0
3703022.0
3703263.0
3440879.0
3440880.0
3441118.0
3440879.0
3440879.0
3441118.0
3703024.0
3703022.0
3703263.0
3703023.0
3703023.0
3703263.0
3440879.0
3440879.0
3441118.0
3440879.0
3440879.0
3441119.0
3703023.0
3703023.0
3703262.0
3703024.0
3703022.0
3703263.0
3440879.0
3440879.0
3441119.0
3440878.0
3440880.0
3441118.0
3440880.0
3440878.0
3441118.0
3440880.0
3440878.0
3441120.0
3440878.0
3440880.0
3441118.0
3440879.0
3440879.0
3441118.0
4751600.0
2130158.0
3703024.0
2130159.0
3703023.0
3703024.0
3440878.0
3178736.0
4096239.0
3178735.0
3441118.0
1868016.0
3440878.0
3440880.0
3178735.0
3703023.0
2130159.0
4751599.0
2130159.0
4751600.0
4751599.0
4358383.0
4096239.0
4358383.0
4096239.0
4096479.0
1868015.0
4096239.0
4096239.0
3703023.0
4358384.0
1605870.0
4358384.0
1605871.0
4358383.0
4358383.0
4096239.0
3703024.0
4096238.0
4096240.0
3703262.0
1868016.0
3703022.0
3440880.0
3178734.0
3440880.0
1868014.0
4358384.0
1868016.0
4358382.0
4358384.0
4096478.0
1868015.0
1868015.0
1868254.0
1868016.0
1868014.0
950512.0
4751599.0
4751599.0
2130160.0
3703022.0
2130160.0
3703023.0
3703023.0
3440879.0
3178735.0
4096239.0
3178735.0
3441119.0
1868015.0
3440879.0
3440879.0
3178735.0
3703024.0
2130159.0
4751599.0
2130159.0
4751599.0
4751599.0
4358383.0
4096240.0
4358383.0
4096239.0
4096478.0
1868016.0
4096238.0
4096240.0
3703022.0
4358384.0
1605871.0
4751599.0
1605872.0
4358382.0
4096240.0
4096478.0
1868016.0
1868014.0
4358384.0
1868014.0
4096240.0
3703022.0
4358624.0
1868014.0
4096240.0
4358382.0
4096240.0
4358383.0
4620527.0
4620766.0
1868016.0
4620526.0
4620528.0
4751599.0
5013743.0
1868015.0
950511.0
4096240.0
5275887.0
5013743.0
4751599.0
4751599.0
1868015.0
3703023.0
2523376.0
3703023.0
5275887.0
5013743.0
4751599.0
5013743.0
3047664.0
2523375.0
3440879.0
4358383.0
4358383.0
4751599.0
4358383.0
4751600.0
3178734.0
3703024.0
3440879.0
3703023.0
4358384.0
4096238.0
3703024.0
4096238.0
2523376.0
2130159.0
1474799.0
4096240.0
4358382.0
4751600.0
4358382.0
4358384.0
1605872.0
4096238.0
2785520.0
3178734.0
4096240.0
3703022.0
5669104.0
5406960.0
5275886.0
3047664.0
3178734.0
3440880.0
5275887.0
1212655.0
5013743.0
2523375.0
4751600.0
4620526.0
3703024.0
4751599.0
950511.0
4620527.0
2523375.0
4096240.0
3047663.0
3834095.0
4096239.0
3440879.0
3703023.0
1605871.0
2130160.0
2261231.0
2523375.0
3178735.0
4096239.0
