688128.0
1736942.0
688368.0
1736942.0
688368.0
2261230.0
688368.0
3834095.0
688367.0
1736944.0
688366.0
4227192.0
4227192.0
3965048.0
3965047.0
3833975.0
3833976.0
3965048.0
3833975.0
3309687.0
3571832.0
688368.0
1605870.0
688368.0
1605871.0
688367.0
2261231.0
688367.0
3571952.0
688367.0
1605871.0
688367.0
3965047.0
3965048.0
3833976.0
3833975.0
3571832.0
3571831.0
3833976.0
3571831.0
3178616.0
3309688.0
688367.0
1736943.0
688367.0
1736943.0
688368.0
2916590.0
688368.0
4227311.0
1343727.0
2261231.0
1343727.0
4620408.0
4620408.0
4489335.0
4489335.0
4227192.0
4227192.0
4489336.0
4227191.0
3833975.0
3965048.0
1343728.0
2392302.0
1343728.0
2916590.0
1343728.0
819438.0
4227192.0
3965048.0
3571832.0
3833976.0
1212654.0
2261232.0
1212654.0
2785520.0
1212655.0
3178735.0
4227312.0
3965046.0
3965048.0
1081584.0
3833976.0
3571770.0
3833914.0
1081584.0
1868015.0
2916591.0
3047663.0
2916591.0
4489456.0
1343726.0
2392304.0
1343727.0
4882551.0
4882552.0
4620408.0
4620407.0
4489336.0
4489335.0
4620408.0
4489336.0
3965047.0
4227192.0
1343727.0
2654447.0
1343727.0
2654447.0
1343727.0
2916592.0
1343727.0
4227311.0
1343727.0
2261231.0
1343727.0
4620408.0
4620408.0
4489335.0
4489335.0
4227192.0
4227192.0
4489336.0
4227191.0
3833975.0
3965048.0
2916591.0
3047663.0
2916592.0
3440878.0
3571952.0
3703023.0
3571951.0
4882672.0
1343726.0
2523376.0
1343726.0
5275768.0
5275768.0
5144696.0
5144695.0
4882551.0
4882552.0
5144696.0
4882552.0
4489334.0
4620408.0
1999088.0
2654446.0
1999088.0
2654448.0
1999086.0
1081584.0
4882551.0
4620407.0
4227192.0
4489336.0
1343726.0
2392304.0
1343727.0
2392303.0
1343728.0
3571950.0
4882672.0
4620408.0
4620407.0
1081583.0
4489336.0
4227130.0
4489275.0
2261231.0
2916591.0
3440879.0
3834096.0
4489455.0
5538031.0
1343727.0
2392303.0
5406959.0
5537912.0
5800056.0
5538031.0
5406959.0
5144815.0
5538031.0
4489455.0
2392303.0
5406960.0
5537911.0
5800056.0
5538031.0
5406959.0
5144815.0
5406960.0
1343726.0
2261232.0
5013742.0
5144696.0
5537912.0
5406959.0
5144815.0
5013744.0
5406958.0
4489456.0
2261230.0
5013744.0
5144696.0
5537912.0
5406958.0
5144816.0
5013742.0
5144816.0
5406958.0
5538032.0
5800176.0
6062318.0
4489456.0
3309806.0
5538032.0
5800056.0
6193271.0
6062319.0
5800176.0
5538030.0
6062320.0
4489454.0
3309808.0
5538031.0
5800055.0
6193272.0
6062319.0
5800175.0
5538032.0
6193391.0
2261231.0
2654447.0
5406959.0
5537912.0
6062199.0
5800175.0
5538032.0
5406959.0
5800175.0
4489455.0
2261231.0
5406959.0
5537912.0
6062200.0
5800175.0
5538031.0
5406959.0
5538031.0
1343727.0
2392303.0
1343728.0
2916590.0
5800176.0
5538031.0
5144815.0
5406960.0
1999086.0
2785520.0
1605870.0
3178736.0
1212655.0
2785519.0
688368.0
1343726.0
