5931008.0
1605870.0
2785520.0
1605870.0
2785520.0
1605870.0
688368.0
1605871.0
2785519.0
5931248.0
5669102.0
5406960.0
5275768.0
5275767.0
557295.0
3309688.0
4882551.0
557295.0
1736944.0
557294.0
557535.0
1736943.0
4358383.0
5931247.0
5669104.0
3833975.0
5406840.0
688367.0
1868015.0
688367.0
1868015.0
688367.0
688607.0
1868015.0
5406959.0
5275887.0
5406959.0
4096120.0
5668984.0
950510.0
2130160.0
950511.0
1605871.0
950511.0
3178735.0
2786000.0
2916591.0
3047663.0
3047544.0
3178616.0
688606.0
1212654.0
688368.0
689086.0
1212656.0
3834094.0
3834096.0
3833976.0
4358264.0
557294.0
3703024.0
1736942.0
1212656.0
557295.0
557535.0
1212654.0
2785520.0
4358382.0
2785400.0
4096120.0
2785400.0
3309626.0
4096059.0
688367.0
3834095.0
1868015.0
1343728.0
688366.0
688607.0
3440879.0
3440879.0
3703023.0
3834096.0
3702903.0
3833915.0
3702843.0
950511.0
1605871.0
2130159.0
1605871.0
950511.0
3834815.0
3834095.0
3834095.0
2916472.0
3178616.0
688606.0
1212655.0
688367.0
4358864.0
4358383.0
4358383.0
4489455.0
4358383.0
4358384.0
557294.0
4096240.0
1736942.0
557296.0
1212656.0
557534.0
1212654.0
2785520.0
4358382.0
2785400.0
4096120.0
2785400.0
3178554.0
4096060.0
688366.0
3834096.0
1868014.0
1343728.0
688366.0
688607.0
1343727.0
3440760.0
3440760.0
3703022.0
3834096.0
3703023.0
950511.0
1605871.0
2130159.0
1605872.0
950510.0
5407679.0
5669103.0
5931248.0
5931247.0
1212894.0
688606.0
4751600.0
4882551.0
4882552.0
557295.0
5931247.0
557295.0
1736943.0
5931247.0
4096120.0
5668984.0
688367.0
1868015.0
5406959.0
5669103.0
5406960.0
5669102.0
950512.0
2130158.0
5406960.0
5669103.0
5931247.0
5931248.0
1212894.0
1212894.0
4751600.0
4882550.0
4882552.0
557296.0
5931246.0
557296.0
1736942.0
5931248.0
4096120.0
5668984.0
688366.0
1868016.0
5406958.0
5669104.0
5406959.0
4096119.0
5668984.0
950512.0
2130158.0
2785520.0
2261111.0
2916471.0
2261112.0
3047544.0
2261112.0
2916410.0
3178555.0
688606.0
1212655.0
688368.0
689086.0
1212655.0
3834095.0
3834096.0
4096119.0
4227131.0
4358203.0
557295.0
3703023.0
1736943.0
1212655.0
557295.0
557535.0
1212655.0
2785519.0
4358383.0
2785399.0
4096120.0
2785400.0
3309626.0
4096060.0
688366.0
3834096.0
1868014.0
1343728.0
688367.0
688607.0
3440878.0
3440880.0
3703022.0
3834096.0
3702904.0
3833914.0
3702842.0
950512.0
1605872.0
2130158.0
1605872.0
950510.0
4359104.0
5406839.0
4489335.0
5406840.0
4620408.0
5406840.0
4620346.0
4751418.0
688607.0
1212655.0
688368.0
5931727.0
5931247.0
5931247.0
6062319.0
5931248.0
4882551.0
5931128.0
557295.0
5669103.0
1736943.0
1212655.0
557295.0
557535.0
1212655.0
4358383.0
5931247.0
4358264.0
5668983.0
4358264.0
4882490.0
5668923.0
688367.0
5406960.0
1868015.0
1343727.0
688367.0
688607.0
5013742.0
5013624.0
5013624.0
5275886.0
5406960.0
5275887.0
950511.0
1605872.0
2130158.0
1605872.0
950510.0
950752.0
1605870.0
2130160.0
1605870.0
950512.0
