5275648.0
2130158.0
2785520.0
3178734.0
5275888.0
5931246.0
6193392.0
5275887.0
5275887.0
6193392.0
6193390.0
5931248.0
6193391.0
2785519.0
3047663.0
3440879.0
2130160.0
6193390.0
6193392.0
5931247.0
5669103.0
5406959.0
5275887.0
6193392.0
5931247.0
2130159.0
2785519.0
3178735.0
3703023.0
2785519.0
3047663.0
3178736.0
3834095.0
1212655.0
1605871.0
3834335.0
2523374.0
2785520.0
3047663.0
3703023.0
950511.0
3703023.0
3703262.0
2261232.0
2523375.0
2785519.0
3440880.0
1212654.0
1868016.0
3441118.0
2130158.0
2392304.0
2654448.0
3178734.0
557296.0
1212654.0
1605872.0
2130159.0
2785519.0
3047664.0
3178734.0
3834096.0
1212654.0
1605872.0
3834334.0
2523376.0
2785518.0
3047664.0
3703023.0
950511.0
3703023.0
3703263.0
2261230.0
2523376.0
2785519.0
3440879.0
1212655.0
1868015.0
3441119.0
3047663.0
3440879.0
3178735.0
2785519.0
557295.0
1212655.0
1605872.0
2130159.0
2654686.0
2785519.0
3047664.0
2130158.0
3047664.0
557295.0
3047663.0
3047663.0
2785519.0
3047664.0
3178734.0
557296.0
1212654.0
1605872.0
3178736.0
3178734.0
3047664.0
3178734.0
3440880.0
1212654.0
2785520.0
3178736.0
3440878.0
2523376.0
4096238.0
3834216.0
3702903.0
950511.0
1605872.0
1868014.0
2130160.0
3572190.0
3703023.0
3834095.0
3834096.0
3440878.0
3440880.0
3047663.0
1474799.0
1868015.0
3834095.0
3703023.0
557295.0
3703024.0
1605871.0
2130159.0
2785758.0
3441119.0
1212655.0
1868015.0
3178735.0
3047663.0
1868015.0
3178735.0
2130160.0
2785519.0
557295.0
1212655.0
1605871.0
2130160.0
2785518.0
3047664.0
3178734.0
5406960.0
5275768.0
5013623.0
4751479.0
4620408.0
4358264.0
4096120.0
3833975.0
3833975.0
2523376.0
2785518.0
3047664.0
5275888.0
5013622.0
4751480.0
4620408.0
4358264.0
4096118.0
3833976.0
3702904.0
3702904.0
2261230.0
2523376.0
2785520.0
5013742.0
4751480.0
4620408.0
4358263.0
4096119.0
3833976.0
3702904.0
3440760.0
3440759.0
2130159.0
2392304.0
2654446.0
3178736.0
557294.0
1212656.0
1605871.0
2130159.0
2785519.0
3047663.0
3178736.0
5406959.0
5275767.0
5013624.0
4751480.0
4620407.0
4358263.0
4096120.0
3833976.0
3833975.0
2523375.0
2785520.0
3047663.0
5275887.0
5013623.0
4751480.0
4620408.0
4358263.0
4096120.0
3833975.0
3702904.0
3702904.0
2261231.0
2523375.0
2785519.0
5013743.0
4751480.0
4620407.0
4358264.0
4096119.0
3833976.0
3702904.0
3440759.0
3440759.0
3047664.0
3440879.0
3047663.0
2785520.0
557294.0
1212656.0
1605870.0
2130160.0
2654686.0
2785520.0
3047662.0
2130160.0
3047662.0
557296.0
3440880.0
3440878.0
2785520.0
3047662.0
3178736.0
557294.0
1212656.0
1605872.0
3178734.0
3178736.0
3047662.0
3178736.0
3440879.0
1212655.0
2785519.0
3178735.0
3440880.0
2523374.0
4096240.0
3834214.0
3702904.0
950511.0
1605871.0
1868016.0
2130159.0
3572190.0
3703023.0
3834095.0
3834095.0
3440880.0
3440879.0
3047663.0
1474799.0
1868015.0
3834095.0
3703024.0
557294.0
3703024.0
1605871.0
2130159.0
2785758.0
3441118.0
1212656.0
3440879.0
3178735.0
3047664.0
1868014.0
3178736.0
2130158.0
2785520.0
