5144576.0
4882670.0
5144696.0
4882552.0
4620526.0
4489456.0
4620526.0
4489456.0
3965167.0
4227311.0
3571952.0
4227191.0
5144695.0
4227312.0
5800175.0
3572190.0
5145055.0
4882670.0
5144696.0
4882552.0
4620527.0
4489455.0
4620527.0
4489455.0
3965168.0
4227311.0
3571951.0
4227191.0
5144696.0
4227311.0
5800175.0
4227550.0
4489456.0
4620527.0
5145054.0
4882911.0
4620526.0
4489456.0
3965167.0
3571951.0
3965406.0
3572190.0
4227551.0
4489455.0
4620528.0
5145054.0
4882910.0
4620526.0
4489456.0
3965168.0
4227310.0
4489456.0
4227192.0
3965046.0
4489456.0
4227311.0
5145535.0
4882670.0
5144696.0
4882552.0
4620528.0
4489454.0
4620528.0
4489454.0
3965168.0
4227311.0
3571951.0
5144815.0
4227311.0
5800176.0
3572190.0
5145054.0
4882671.0
5144696.0
4882551.0
4620528.0
4489455.0
4620527.0
4489455.0
3965167.0
4227311.0
3571951.0
5144816.0
4227311.0
5800175.0
4227550.0
4489455.0
4620528.0
5145054.0
4882910.0
4620527.0
4489455.0
3965168.0
3571950.0
3965407.0
3572191.0
4227550.0
4489454.0
4620528.0
5145054.0
4882910.0
4620528.0
4489454.0
3965168.0
4227312.0
4489454.0
4227192.0
3965048.0
4489454.0
4227312.0
2655166.0
3572190.0
3310047.0
2916831.0
3047662.0
2916592.0
3047663.0
2916591.0
2392303.0
1999087.0
1999326.0
2654687.0
3572190.0
3310046.0
3965407.0
3572190.0
3310046.0
3572191.0
1999326.0
2654686.0
3572190.0
3310046.0
1737183.0
3047663.0
2916592.0
3047662.0
2916592.0
2392302.0
1999088.0
1999326.0
2392304.0
2654446.0
3572190.0
3310048.0
3047662.0
2916592.0
2392302.0
2654448.0
1999087.0
3571951.0
2654448.0
4227310.0
4227550.0
4489456.0
4620527.0
3047663.0
4227311.0
3047663.0
4489456.0
4620527.0
4489455.0
3965167.0
4227311.0
2654447.0
4489336.0
4227191.0
3965168.0
3571951.0
1999087.0
4227311.0
4489455.0
4620527.0
3047664.0
4227311.0
3047663.0
4489455.0
2392303.0
4620408.0
4489335.0
3965167.0
4227312.0
2654446.0
3309808.0
3571951.0
3834095.0
3309808.0
4227310.0
4489456.0
4620526.0
3047664.0
4227311.0
3047663.0
4489456.0
2392302.0
4620408.0
4489336.0
3965166.0
4227312.0
4489456.0
4227310.0
3965168.0
3571950.0
1999088.0
4227310.0
4489456.0
4620528.0
3047662.0
4227312.0
3047662.0
4489456.0
2392303.0
4620407.0
4489336.0
3965167.0
4227311.0
2654448.0
3309806.0
3571952.0
4882671.0
4883391.0
5800414.0
5538270.0
3965406.0
5275888.0
5144815.0
5275887.0
5144815.0
4620527.0
4227311.0
3965407.0
4882910.0
5800414.0
5538271.0
6193630.0
5800414.0
3965406.0
5800414.0
4227551.0
4882911.0
5800414.0
5538270.0
3965406.0
5275888.0
5144814.0
5275888.0
5144814.0
4620528.0
4227312.0
4227550.0
4620526.0
4882672.0
5800414.0
5538270.0
5275888.0
5144814.0
4620528.0
4882671.0
4227311.0
5800175.0
4882671.0
5800056.0
3309688.0
1737662.0
2654687.0
2392542.0
819678.0
2130159.0
1999087.0
2130160.0
1999087.0
1474799.0
1081583.0
819679.0
1737182.0
2654686.0
2392542.0
3047902.0
2654687.0
426463.0
2654686.0
1081822.0
3310046.0
4227550.0
3965406.0
2392543.0
3703023.0
3571952.0
3703022.0
3571952.0
3047662.0
2654448.0
2654686.0
3047664.0
3309806.0
4227551.0
3965406.0
3703023.0
3571952.0
3047662.0
3309808.0
2654447.0
4227311.0
3309807.0
4227192.0
4882551.0
