2785280.0
2785758.0
688606.0
2785518.0
3310047.0
557295.0
3179216.0
3835056.0
2785758.0
295390.0
3703024.0
3440878.0
3178736.0
2916591.0
2785519.0
2785758.0
3178975.0
3440879.0
3834095.0
3703023.0
2785758.0
3441360.0
3178735.0
2916591.0
2785519.0
2523376.0
2523614.0
2523856.0
3441118.0
2261470.0
3179216.0
2916591.0
2785519.0
2523375.0
2261231.0
2261470.0
2785759.0
2916591.0
3440880.0
3309806.0
2523614.0
2917072.0
2785520.0
2523374.0
2261232.0
2261230.0
2261472.0
295150.0
2916830.0
2916830.0
2916832.0
3440878.0
950512.0
2916590.0
2916831.0
2916830.0
2916831.0
3834094.0
3703263.0
3178974.0
2785759.0
688606.0
2785519.0
2916830.0
295151.0
2916592.0
2916830.0
295151.0
2916830.0
2916830.0
2916831.0
2916591.0
950511.0
2916591.0
2916830.0
2916831.0
2916831.0
3440878.0
3178974.0
2916831.0
2785759.0
688606.0
2785518.0
3834336.0
3703022.0
3703504.0
3835056.0
2785758.0
295390.0
3703024.0
3440878.0
3178736.0
2916591.0
2785519.0
2785758.0
3178975.0
3440879.0
3834095.0
3703023.0
2785758.0
3441360.0
3178735.0
2916591.0
2785520.0
2523375.0
2523614.0
2523856.0
3441118.0
2261470.0
3179216.0
2916591.0
2785519.0
2523375.0
2261231.0
2261470.0
2785759.0
2916591.0
3440879.0
3309807.0
2523614.0
2917072.0
2785520.0
2523374.0
2261232.0
2261230.0
2261472.0
295150.0
2916830.0
2916830.0
2916832.0
3440878.0
950512.0
2916590.0
2916831.0
2916831.0
2916830.0
3834094.0
3703263.0
3178974.0
3178975.0
1212894.0
3178735.0
3178974.0
295151.0
3178736.0
3178974.0
295151.0
3310046.0
3441119.0
2916830.0
2261231.0
950511.0
2916591.0
2916830.0
2916831.0
2916831.0
2261230.0
2916830.0
2785759.0
2785759.0
688606.0
2785518.0
3310048.0
557294.0
3179216.0
3835056.0
2785758.0
295390.0
3703024.0
3440878.0
3178736.0
2916591.0
2785519.0
2785758.0
3178974.0
3440880.0
3834095.0
3703023.0
2785758.0
3441360.0
3178735.0
2916591.0
2785520.0
2523375.0
2523614.0
2523855.0
3441119.0
2261470.0
3179216.0
2916591.0
2785519.0
2523375.0
2261231.0
2261470.0
2785759.0
2916591.0
3440879.0
3309807.0
2523614.0
3310047.0
2916591.0
2785520.0
2523374.0
2261232.0
2261230.0
2261471.0
295151.0
4358622.0
4358622.0
2916832.0
4096238.0
950512.0
2916590.0
2916830.0
2916831.0
2916831.0
4358382.0
4489695.0
4751838.0
3178975.0
1212894.0
3178735.0
3178974.0
295151.0
3178736.0
3178974.0
295151.0
3441118.0
3441118.0
2916831.0
2261231.0
2916830.0
2785758.0
2785759.0
2785758.0
2261231.0
2785758.0
2523615.0
2523615.0
2523854.0
2523615.0
2523615.0
2523614.0
2523856.0
