950272.0
1868014.0
2261232.0
2785518.0
2523614.0
3178736.0
2785519.0
950511.0
1868016.0
2261230.0
2785520.0
1868254.0
2261231.0
2523375.0
2785400.0
2916472.0
1868014.0
2261232.0
2785519.0
2523614.0
3178735.0
2785520.0
950511.0
1868015.0
2261231.0
2785519.0
2785519.0
1605871.0
2916591.0
2523615.0
1343727.0
1999087.0
2523375.0
3441118.0
3178736.0
3440879.0
3178735.0
1605871.0
3834095.0
3441118.0
1605872.0
1868015.0
3441119.0
1605870.0
3178736.0
2523374.0
2916592.0
1605870.0
2785520.0
2916592.0
3178734.0
1868016.0
3178734.0
2785520.0
3440879.0
1868015.0
2785520.0
2785518.0
2916592.0
1343726.0
1999088.0
2523375.0
3441119.0
3178734.0
4096240.0
3834095.0
2261231.0
3571951.0
3441119.0
1868014.0
2261232.0
3441118.0
1343727.0
3178735.0
2523375.0
3571952.0
1999087.0
3440879.0
3571951.0
3834095.0
1868015.0
3178735.0
2785520.0
4096239.0
1868015.0
3440879.0
2785519.0
4358384.0
4489454.0
4358384.0
3178735.0
3440879.0
1605871.0
3834095.0
2523376.0
4096238.0
1605872.0
3178734.0
2261232.0
3440880.0
1343726.0
2916592.0
2261230.0
3440880.0
3571950.0
3440880.0
2523376.0
2785518.0
1868016.0
2916590.0
2523376.0
3178735.0
2261231.0
3440880.0
1999086.0
3834096.0
1605870.0
3440880.0
3834095.0
4358383.0
4489456.0
4358382.0
3178736.0
3440879.0
1868015.0
3834095.0
2523375.0
4096239.0
1605871.0
3178736.0
2261231.0
3440879.0
1343727.0
2916591.0
2261231.0
3440880.0
3571951.0
3440879.0
2523375.0
2785519.0
1868015.0
2916591.0
2523376.0
3178735.0
1343727.0
3440879.0
1999087.0
3834096.0
1605870.0
2785520.0
2261230.0
2523376.0
1868015.0
2261231.0
2785520.0
2523614.0
3178734.0
2785520.0
950512.0
1868014.0
2261232.0
2785518.0
1868254.0
2261232.0
2785520.0
5669582.0
